659024.176244658,4308519.673505,662052.751355343,4311549.965495
0,660557.8449,4309241.03755
1,660553.0425,4309242.77825
2,660543.5964,4309242.63965
3,660510.473,4309232.01935
4,660504.13445,4309231.8266
5,660502.8427,4309233.9145
6,660505.43985,4309239.9864
7,660512.5115,4309248.3555
8,660555.7661,4309283.70325
9,660584.859,4309318.84445
10,660598.2238,4309328.48285
11,660608.59275,4309330.6952
12,660634.0782,4309325.0481
13,660649.40445,4309325.9181
14,660659.78415,4309331.38625
15,660680.57175,4309348.70195
16,660689.44785,4309352.63915
17,660698.13055,4309353.76535
18,660707.5797,4309351.86325
19,660711.71545,4309347.9366
20,660713.0812,4309341.62935
21,660712.3233,4309322.33665
22,660714.07095,4309316.2505
23,660716.50415,4309313.97675
24,660723.9863,4309313.6464
25,660736.2683,4309317.7141
26,660743.655,4309321.1558
27,660749.4935,4309326.08105
28,660752.547,4309333.68185
29,660752.7609,4309340.53645
30,660741.43305,4309393.11965
31,660740.65075,4309406.6129
32,660742.22855,4309416.8488
33,660747.0698,4309423.1702
34,660759.40795,4309421.52065
35,660765.33655,4309422.9771
36,660771.56315,4309430.4827
37,660778.30355,4309470.52095
38,660802.0215,4309551.43255
39,660809.4446,4309568.6033
40,660813.6285,4309574.24175
41,660819.6872,4309578.13335
42,660823.0855,4309577.76225
43,660826.6823,4309573.6305
44,660830.49185,4309548.4824
45,660833.1062,4309543.4338
46,660835.8066,4309542.13395
47,660842.69495,4309545.5275
48,660855.1444,4309561.84155
49,660862.9016,4309567.0107
50,660897.5078,4309567.8904
51,660902.9834,4309564.65715
52,660904.8159,4309559.95635
53,660903.2993,4309544.18035
54,660892.97735,4309516.94625
55,660873.15565,4309479.39145
56,660845.4164,4309435.61125
57,660837.372,4309416.77015
58,660833.87125,4309401.9324
59,660831.8452,4309355.36115
60,660832.4344,4309347.7244
61,660834.8591,4309341.8902
62,660841.77675,4309337.8584
63,660849.0926,4309338.18245
64,660859.49515,4309343.39825
65,660866.302,4309350.768
66,660873.0068,4309364.4912
67,660889.26865,4309425.09725
68,660909.25475,4309485.59525
69,660926.9968,4309532.77775
70,660940.3429,4309561.23615
71,660947.6776,4309569.2108
72,660953.937,4309572.88515
73,660998.8817,4309586.0526
74,661020.89915,4309596.28275
75,661033.04865,4309605.74425
76,661037.91695,4309612.19935
77,661039.919,4309618.2373
78,661039.1661,4309623.44105
79,661036.02285,4309627.51915
80,661031.00285,4309630.36595
81,661021.13455,4309632.56745
82,661001.6669,4309632.8321
83,660952.26045,4309629.42485
84,660934.88835,4309631.05205
85,660928.5858,4309634.80015
86,660917.0209,4309646.1264
87,660896.90325,4309653.9463
88,660887.3601,4309660.72775
89,660882.28825,4309667.28815
90,660879.19315,4309674.95505
91,660879.4747,4309686.5015
92,660885.7656,4309695.2926
93,660896.54285,4309699.6888
94,660909.9867,4309700.24255
95,660947.1663,4309697.301
96,660974.9798,4309698.7768
97,661001.88205,4309704.77115
98,661011.16595,4309708.9807
99,661017.05985,4309714.4359
100,661018.9623,4309719.00635
101,661018.95585,4309727.2892
102,661012.61795,4309743.15215
103,661002.3466,4309755.0692
104,660978.0107,4309774.40775
105,660969.68395,4309785.30875
106,660964.9295,4309798.9973
107,660965.08865,4309820.1197
108,660970.1478,4309835.67375
109,660979.13655,4309848.69675
110,660991.14955,4309857.70625
111,661000.0277,4309861.10715
112,661008.88545,4309862.3587
113,661017.1459,4309861.51235
114,661027.5945,4309856.6009
115,661035.51335,4309848.06195
116,661052.4161,4309818.69825
117,661057.9454,4309815.7983
118,661062.9756,4309818.97335
119,661066.8702,4309827.4197
120,661074.531,4309855.34475
121,661084.38725,4309878.02245
122,661084.98795,4309884.5453
123,661079.35145,4309890.1021
124,661056.69755,4309896.63095
125,661046.76295,4309902.47945
126,661041.6305,4309908.56955
127,661038.2472,4309916.62585
128,661037.01795,4309932.0713
129,661040.4852,4309950.0424
130,661048.04275,4309967.77645
131,661058.69655,4309982.16705
132,661071.42285,4309990.971
133,661085.12685,4309993.53315
134,661094.10285,4309992.07075
135,661102.3615,4309988.46325
136,661109.43805,4309983.0422
137,661115.0269,4309976.0864
138,661121.5454,4309958.6514
139,661122.94775,4309943.91215
140,661121.70015,4309924.71855
141,661107.91675,4309848.8389
142,661107.6209,4309832.9418
143,661109.46335,4309825.06265
144,661111.24,4309824.10825
145,661113.4941,4309825.22445
146,661124.23895,4309837.3605
147,661141.23625,4309850.45505
148,661144.56685,4309856.8228
149,661149.8467,4309879.0292
150,661156.2182,4309886.93895
151,661177.6633,4309886.9098
152,661185.88165,4309884.89845
153,661192.1445,4309878.43605
154,661195.2841,4309867.45465
155,661199.54385,4309808.4589
156,661198.49415,4309796.35515
157,661192.58685,4309769.05195
158,661191.08765,4309739.06675
159,661186.5594,4309728.37295
160,661162.0178,4309695.8619
161,661154.3035,4309681.48995
162,661154.81735,4309670.1364
163,661165.06685,4309644.82415
164,661165.272,4309631.5365
165,661160.1325,4309617.13135
166,661140.7142,4309583.9817
167,661137.79755,4309573.9309
168,661139.12405,4309569.71585
169,661145.5332,4309567.1419
170,661166.18575,4309569.1153
171,661175.0489,4309568.4817
172,661179.64255,4309564.0842
173,661179.5744,4309558.84145
174,661172.04195,4309544.0321
175,661144.561,4309509.34945
176,661137.0122,4309497.6302
177,661132.73525,4309484.84165
178,661134.72795,4309478.7479
179,661138.77735,4309477.08115
180,661145.00735,4309477.75105
181,661157.9652,4309483.5123
182,661173.81335,4309494.46385
183,661190.18605,4309508.6948
184,661212.4266,4309532.88625
185,661240.10375,4309575.9119
186,661262.5764,4309603.23535
187,661265.73605,4309612.3347
188,661265.99005,4309619.4935
189,661254.37865,4309674.4634
190,661253.6416,4309687.57805
191,661254.87405,4309694.98315
192,661257.8451,4309700.83025
193,661262.62545,4309704.92785
194,661272.60825,4309708.16475
195,661300.892,4309712.24615
196,661305.95115,4309716.42945
197,661306.6697,4309720.4406
198,661296.20805,4309746.80625
199,661289.4677,4309773.206
200,661283.7064,4309781.90825
201,661266.0217,4309800.2544
202,661262.47855,4309808.05065
203,661264.664,4309817.76535
204,661281.53665,4309834.5151
205,661281.4721,4309840.78115
206,661275.95355,4309848.19835
207,661257.6374,4309865.13555
208,661251.8537,4309874.1729
209,661250.5657,4309883.6629
210,661253.57325,4309905.5279
211,661251.255,4309912.54545
212,661245.6888,4309917.35025
213,661227.5487,4309926.39575
214,661221.6177,4309933.12395
215,661219.3593,4309938.94965
216,661219.6457,4309952.5342
217,661229.75875,4309978.45875
218,661230.04865,4309985.86665
219,661227.79735,4309989.7262
220,661220.8248,4309993.7325
221,661196.4379,4309998.7879
222,661187.0891,4310002.30775
223,661165.5497,4310018.6849
224,661144.7003,4310027.77865
225,661138.63355,4310032.03255
226,661138.5708,4310034.045
227,661140.86635,4310035.8396
228,661170.77475,4310045.30285
229,661182.95085,4310052.864
230,661187.58185,4310059.76565
231,661188.1463,4310064.6751
232,661185.1386,4310072.0007
233,661180.62085,4310076.5318
234,661170.33165,4310082.3109
235,661151.0071,4310087.60075
236,661075.665,4310093.01315
237,661058.52835,4310096.14965
238,661057.90605,4310097.79775
239,661060.90525,4310099.6203
240,661088.4255,4310110.50045
241,661092.54895,4310114.50685
242,661093.48705,4310120.77185
243,661088.67695,4310126.10665
244,661080.03785,4310129.5468
245,661048.17255,4310133.4671
246,661042.48795,4310137.1355
247,661040.38735,4310141.13965
248,661040.10465,4310149.04
249,661041.9999,4310154.7725
250,661051.1026,4310164.4354
251,661062.1942,4310168.88225
252,661100.5918,4310177.9695
253,661108.1165,4310183.17335
254,661110.65835,4310189.2006
255,661109.48185,4310193.0605
256,661103.79475,4310197.82285
257,661065.93695,4310208.4123
258,661059.10705,4310211.88175
259,661051.7605,4310218.69285
260,661040.1988,4310243.4597
261,661037.5962,4310258.56575
262,661039.48355,4310275.17895
263,661044.8293,4310280.41575
264,661060.17995,4310283.69865
265,661083.3652,4310278.0374
266,661097.39515,4310278.4132
267,661102.33525,4310280.40415
268,661105.1078,4310283.46415
269,661105.43175,4310287.34905
270,661101.5284,4310294.1044
271,661090.2465,4310303.4256
272,661079.15085,4310309.5235
273,661066.6918,4310313.66835
274,661057.7712,4310314.52645
275,661048.5436,4310313.0537
276,661039.3811,4310308.49885
277,661030.84635,4310300.3059
278,661023.5572,4310288.35305
279,661017.979,4310273.03825
280,661014.243,4310255.12375
281,661006.71305,4310157.61245
282,660996.0366,4310097.05855
283,660986.58335,4310063.4192
284,660978.99985,4310043.815
285,660965.15135,4310019.80815
286,660954.0766,4310007.65635
287,660941.706,4309998.54915
288,660928.48245,4309992.2558
289,660901.5662,4309986.2577
290,660832.06985,4309983.6871
291,660815.51875,4309986.0414
292,660792.7718,4309993.49775
293,660782.3549,4309992.19905
294,660770.8077,4309985.2413
295,660739.8507,4309955.55625
296,660724.73025,4309943.85135
297,660708.98205,4309934.65265
298,660657.2282,4309910.8194
299,660639.94145,4309898.3305
300,660627.15555,4309883.9027
301,660622.5385,4309874.93745
302,660621.23645,4309867.77505
303,660622.7331,4309863.06345
304,660628.3093,4309860.69635
305,660637.9001,4309864.31965
306,660660.0774,4309883.3152
307,660673.1339,4309889.99235
308,660750.65825,4309898.38645
309,660792.27825,4309909.035
310,660809.06785,4309911.6317
311,660838.46805,4309912.10305
312,660879.75735,4309903.1747
313,660885.78085,4309900.0741
314,660887.9665,4309892.78615
315,660884.62285,4309877.0041
316,660873.042,4309851.72615
317,660864.1637,4309841.5233
318,660853.14595,4309835.7991
319,660843.325,4309834.3004
320,660827.99065,4309835.7758
321,660775.27335,4309850.5396
322,660752.90275,4309853.7422
323,660732.5252,4309851.17745
324,660726.0916,4309847.378
325,660722.7889,4309842.1354
326,660722.92015,4309835.7822
327,660728.5097,4309826.24085
328,660736.24395,4309818.7878
329,660749.4867,4309809.61475
330,660767.2046,4309801.91655
331,660805.79805,4309792.558
332,660819.38165,4309786.9612
333,660831.5735,4309779.74145
334,660839.78925,4309771.584
335,660842.16625,4309766.1055
336,660840.8985,4309758.7412
337,660834.70815,4309753.5682
338,660828.50185,4309751.8288
339,660816.94385,4309751.88695
340,660761.3845,4309763.7771
341,660737.3222,4309775.84925
342,660711.87035,4309782.9258
343,660683.44055,4309799.4827
344,660674.6303,4309801.403
345,660670.6437,4309799.41755
346,660669.9154,4309793.12535
347,660683.17055,4309771.61215
348,660683.9109,4309768.38
349,660682.52515,4309765.9119
350,660653.97305,4309758.69525
351,660631.41415,4309749.45825
352,660608.46615,4309746.4424
353,660601.80555,4309742.8605
354,660602.14555,4309738.5366
355,660605.3172,4309735.3845
356,660622.0901,4309729.31595
357,660640.5543,4309727.99435
358,660672.3234,4309728.9729
359,660670.99725,4309725.28535
360,660655.65495,4309711.38155
361,660648.8237,4309703.04605
362,660646.89645,4309695.6222
363,660648.72065,4309693.09815
364,660652.61085,4309691.83795
365,660669.49975,4309694.827
366,660720.02325,4309715.47285
367,660747.78885,4309724.67905
368,660765.10735,4309727.03295
369,660769.7689,4309725.80035
370,660770.4424,4309724.08155
371,660761.69165,4309717.1673
372,660695.5666,4309683.9477
373,660638.9407,4309660.6769
374,660626.7509,4309657.24675
375,660603.8799,4309653.91185
376,660574.2748,4309645.22495
377,660539.97595,4309638.5984
378,660529.4373,4309634.68005
379,660527.7534,4309632.6173
380,660529.03385,4309630.7274
381,660544.48425,4309627.8438
382,660572.71585,4309628.22375
383,660625.0551,4309632.39565
384,660652.38825,4309636.20985
385,660729.01965,4309654.6621
386,660792.19545,4309679.8895
387,660811.72985,4309685.392
388,660815.8701,4309685.78985
389,660817.2221,4309684.3344
390,660786.18035,4309660.18805
391,660739.272,4309620.40415
392,660709.8356,4309601.19375
393,660684.37645,4309591.1685
394,660625.1024,4309577.5121
395,660574.36525,4309563.76515
396,660563.2897,4309559.4666
397,660557.55925,4309554.9543
398,660540.02215,4309530.97175
399,660538.9774,4309519.1856
400,660536.01305,4309508.56165
401,660537.26615,4309503.37535
402,660547.95125,4309487.56195
403,660551.71395,4309485.1933
404,660555.32645,4309485.112
405,660573.98915,4309490.45345
406,660586.4826,4309491.6525
407,660632.1159,4309484.59925
408,660690.1416,4309480.12495
409,660692.15005,4309478.1677
410,660691.74845,4309475.43205
411,660679.61425,4309458.96045
412,660679.159,4309438.1299
413,660673.7434,4309424.8027
414,660662.5577,4309411.82445
415,660647.5893,4309402.5138
416,660630.44765,4309397.28215
417,660596.31145,4309390.5345
418,660564.68,4309380.65555
419,660557.15995,4309381.8519
420,660551.0007,4309386.54465
421,660538.1233,4309408.9734
422,660527.7977,4309419.80195
423,660518.2979,4309424.59355
424,660508.64115,4309427.2962
425,660502.04,4309427.627
426,660497.0971,4309425.52195
427,660495.25255,4309422.47715
428,660494.96245,4309415.485
429,660501.11195,4309384.41325
430,660500.06395,4309375.18735
431,660496.85555,4309367.8744
432,660483.0516,4309346.30505
433,660460.8621,4309325.047
434,660450.72435,4309304.8151
435,660445.48015,4309298.61525
436,660440.8283,4309297.09495
437,660432.29385,4309299.28885
438,660406.10675,4309316.81255
439,660400.1317,4309317.1184
440,660397.225,4309314.78005
441,660394.6186,4309307.6445
442,660394.12015,4309300.65
443,660398.6679,4309257.87365
444,660398.15685,4309237.2307
445,660392.76225,4309214.78805
446,660386.03535,4309199.06715
447,660366.8082,4309167.4785
448,660345.31025,4309139.7615
449,660307.7949,4309100.4091
450,660296.5094,4309091.38115
451,660292.3845,4309090.32515
452,660291.12505,4309092.11965
453,660291.5097,4309098.64645
454,660300.04855,4309127.13425
455,660312.26455,4309156.4577
456,660343.35775,4309220.3325
457,660348.0276,4309235.1581
458,660347.6277,4309240.75665
459,660344.2874,4309242.3025
460,660341.5821,4309241.45055
461,660330.04115,4309232.35215
462,660315.13715,4309214.8138
463,660281.11065,4309168.12215
464,660273.837,4309160.72565
465,660267.98765,4309157.4869
466,660261.89905,4309159.57145
467,660258.85675,4309167.40825
468,660258.2916,4309178.0447
469,660260.882,4309197.7287
470,660272.17155,4309233.75265
471,660288.15585,4309269.3041
472,660295.3628,4309276.6099
473,660311.90555,4309282.51265
474,660320.56675,4309288.08215
475,660328.80435,4309298.11045
476,660340.13925,4309319.2805
477,660347.2851,4309341.11325
478,660344.5618,4309364.14895
479,660345.4104,4309372.17375
480,660350.9972,4309378.2992
481,660366.5085,4309387.63395
482,660371.1435,4309393.43595
483,660373.16275,4309401.4132
484,660371.1879,4309417.14965
485,660364.85365,4309434.6491
486,660358.3441,4309444.48165
487,660348.7426,4309449.5458
488,660342.1272,4309449.0149
489,660323.79575,4309439.1464
490,660298.4678,4309416.7494
491,660260.08885,4309379.3397
492,660252.32435,4309374.8611
493,660248.2914,4309377.53975
494,660245.26695,4309423.76235
495,660251.16645,4309472.472
496,660140.78075,4309461.55145
497,660128.2746,4309463.802
498,660099.97155,4309461.10905
499,660054.48725,4309451.9056
500,659987.4058,4309434.1423
501,659939.6433,4309426.27435
502,659910.48165,4309425.2115
503,659896.1848,4309426.76975
504,659887.94365,4309435.8048
505,659884.27765,4309446.2566
506,659885.3368,4309459.12885
507,659887.28245,4309460.10285
508,659966.78715,4309473.10205
509,660000.53,4309480.775
510,660021.99745,4309490.5371
511,660031.1315,4309497.57585
512,660038.9988,4309506.43265
513,660049.15995,4309525.58365
514,660055.81275,4309549.5935
515,660059.24035,4309575.8757
516,660058.4091,4309604.30575
517,660054.9424,4309614.87135
518,660050.9047,4309619.9503
519,660045.00445,4309623.15015
520,660036.67925,4309624.114
521,659998.983,4309689.66815
522,659997.4308,4309708.4639
523,660007.05315,4309721.2387
524,660022.41315,4309727.79195
525,660070.22035,4309735.1507
526,660115.8899,4309747.9098
527,660127.8268,4309755.08995
528,660130.1778,4309759.21145
529,660128.1275,4309768.2408
530,660119.0823,4309776.85515
531,660097.4218,4309785.9018
532,660009.32105,4309801.74265
533,659959.4069,4309807.70235
534,659941.80095,4309813.6921
535,659932.4263,4309820.21125
536,659928.9576,4309824.8782
537,659928.05735,4309829.27985
538,659929.725,4309833.0225
539,659933.7203,4309835.8555
540,659990.7527,4309845.0408
541,660008.1808,4309852.63875
542,660016.9796,4309861.61845
543,660016.39455,4309867.45355
544,660007.6312,4309872.28715
545,659975.16645,4309873.09015
546,659970.5196,4309874.5146
547,659970.157,4309877.8722
548,659979.6677,4309894.9133
549,659978.7214,4309899.98055
550,659973.74585,4309903.4441
551,659961.9718,4309905.1281
552,659947.48125,4309903.63895
553,659907.9245,4309889.67755
554,659889.23435,4309885.6154
555,659858.32005,4309886.17775
556,659831.3457,4309882.41825
557,659817.42685,4309882.64375
558,659807.49985,4309885.5563
559,659798.27005,4309890.50055
560,659761.3075,4309919.57295
561,659754.7675,4309922.2513
562,659740.3005,4309923.8088
563,659726.1887,4309934.5182
564,659717.93245,4309937.99855
565,659712.3533,4309936.59015
566,659709.2383,4309933.37025
567,659698.26995,4309907.9272
568,659695.9154,4309906.0561
569,659691.79045,4309906.85705
570,659671.01955,4309925.0995
571,659638.55325,4309946.67425
572,659618.5177,4309966.99435
573,659589.9279,4309983.7323
574,659578.2097,4309994.96085
575,659574.9013,4310005.04815
576,659576.3617,4310009.55265
577,659580.0618,4310013.218
578,659589.0639,4310016.8435
579,659615.18965,4310020.77355
580,659618.07745,4310021.9676
581,659618.33875,4310024.23575
582,659596.6707,4310035.0498
583,659567.57675,4310043.96535
584,659561.46515,4310049.8542
585,659553.5082,4310063.97215
586,659544.8153,4310070.49695
587,659506.91025,4310080.4879
588,659494.41865,4310086.27795
589,659485.92385,4310092.4085
590,659467.40575,4310111.54005
591,659447.4824,4310138.47065
592,659435.0739,4310160.14375
593,659428.59755,4310179.4441
594,659428.5669,4310189.7791
595,659434.7146,4310200.61735
596,659446.39885,4310205.78745
597,659460.88135,4310205.9038
598,659470.8915,4310203.68005
599,659485.2447,4310197.83745
600,659514.476,4310180.0845
601,659531.0195,4310172.04775
602,659589.13975,4310155.0847
603,659599.7277,4310147.84745
604,659603.3427,4310141.4082
605,659600.83285,4310112.8139
606,659604.80525,4310101.62445
607,659610.23835,4310097.5038
608,659629.9874,4310090.30185
609,659662.4099,4310075.22365
610,659667.5553,4310070.21305
611,659681.03435,4310049.2944
612,659694.92015,4310037.726
613,659711.54405,4310027.14165
614,659724.2147,4310021.36975
615,659735.84095,4310018.458
616,659777.04315,4310013.1728
617,659822.54915,4309993.69265
618,659832.0968,4309992.6058
619,659833.7563,4309995.2885
620,659833.22035,4310000.0753
621,659823.36395,4310018.27255
622,659774.0142,4310075.16805
623,659747.61645,4310112.187
624,659742.931,4310123.3351
625,659742.9516,4310130.8664
626,659747.2208,4310133.98475
627,659754.06555,4310133.05715
628,659800.30665,4310106.9351
629,659827.661,4310088.4504
630,659856.29855,4310076.44785
631,659862.2647,4310069.51325
632,659873.43015,4310043.48485
633,659879.632,4310037.51305
634,659887.83955,4310035.30435
635,659906.99135,4310034.6982
636,659918.48275,4310030.46945
637,659954.9003,4310005.3376
638,659981.9867,4309976.0018
639,659993.9623,4309970.9929
640,660003.4379,4309971.06915
641,660014.18765,4309976.74825
642,660019.50215,4309987.72865
643,660018.9216,4309997.65135
644,660009.2531,4310025.6789
645,660010.88335,4310032.67095
646,660014.31625,4310035.9587
647,660025.8182,4310038.257
648,660040.96305,4310035.701
649,660078.02235,4310026.35525
650,660084.14385,4310023.3896
651,660090.35485,4310017.1992
652,660096.06175,4310016.39005
653,660111.1518,4310020.2841
654,660131.1583,4310029.8467
655,660142.4093,4310039.23855
656,660145.1698,4310045.73105
657,660143.1751,4310051.96675
658,660131.78905,4310060.3513
659,660060.5642,4310084.37785
660,660038.33905,4310095.0705
661,660025.5043,4310103.59515
662,660018.2387,4310111.6599
663,660015.4299,4310117.72945
664,660014.4906,4310127.30855
665,660016.95065,4310146.1492
666,660015.8057,4310152.1883
667,660012.51505,4310158.10295
668,659999.0499,4310169.39635
669,659960.1695,4310190.7378
670,659950.6274,4310199.52175
671,659947.5096,4310208.46925
672,659951.03725,4310216.54465
673,659959.79865,4310223.0497
674,659983.95415,4310233.69105
675,659994.52455,4310240.2474
676,659999.34265,4310245.4427
677,660001.66825,4310251.0691
678,659999.8338,4310259.5274
679,659995.1626,4310264.65495
680,659988.19645,4310269.0662
681,659969.8146,4310275.2709
682,659944.16585,4310278.26995
683,659911.4967,4310278.77595
684,659896.0394,4310281.9191
685,659882.5021,4310289.1954
686,659858.3654,4310307.1285
687,659840.14625,4310316.5466
688,659709.68885,4310364.8404
689,659631.8467,4310381.9378
690,659613.9022,4310383.76005
691,659574.0154,4310383.6895
692,659562.4342,4310386.1895
693,659551.4897,4310391.0199
694,659539.83095,4310400.598
695,659534.76945,4310409.5244
696,659533.62095,4310419.4838
697,659538.13845,4310433.40305
698,659545.3967,4310443.2631
699,659558.9127,4310454.19725
700,659603.70605,4310476.21675
701,659606.8467,4310480.8887
702,659605.78195,4310483.4106
703,659602.4552,4310485.37365
704,659556.85245,4310494.85265
705,659542.3389,4310496.0713
706,659528.42075,4310493.5378
707,659505.16505,4310485.22835
708,659495.93245,4310484.23655
709,659487.38565,4310485.88665
710,659468.85395,4310493.0729
711,659460.72465,4310493.9455
712,659443.2112,4310489.31185
713,659411.2122,4310472.4171
714,659402.96095,4310470.3146
715,659398.80845,4310470.83745
716,659395.6188,4310474.916
717,659396.57805,4310482.96045
718,659416.1243,4310536.70925
719,659422.64725,4310544.73745
720,659431.8767,4310549.51085
721,659463.1239,4310552.9036
722,659467.5402,4310555.0558
723,659466.96345,4310557.36445
724,659463.37825,4310560.12525
725,659453.13325,4310564.38485
726,659433.5704,4310568.39875
727,659400.67905,4310569.95585
728,659367.29315,4310576.1653
729,659354.1947,4310574.1547
730,659340.86305,4310567.7686
731,659330.1067,4310557.0839
732,659327.60735,4310549.44535
733,659328.34205,4310540.7073
734,659335.641,4310524.7002
735,659329.06915,4310513.1568
736,659321.7929,4310469.52775
737,659310.26705,4310480.5413
738,659298.8184,4310494.42285
739,659231.8224,4310585.92395
740,659224.1662,4310600.88415
741,659217.7076,4310621.951
742,659218.44975,4310631.21195
743,659221.13445,4310639.09565
744,659225.7667,4310645.3309
745,659232.3382,4310650.28845
746,659285.712,4310674.2415
747,659316.85945,4310684.1615
748,659335.8465,4310686.7751
749,659360.29965,4310686.3848
750,659384.4914,4310682.82125
751,659430.51705,4310672.67085
752,659446.6395,4310670.9225
753,659462.34725,4310673.12465
754,659477.23915,4310681.1042
755,659514.699,4310712.01155
756,659524.0196,4310725.27075
757,659527.23505,4310734.97915
758,659529.05375,4310747.6452
759,659528.7086,4310801.3839
760,659533.5543,4310832.90235
761,659538.13705,4310845.779
762,659556.0798,4310879.00515
763,659568.9865,4310890.02795
764,659640.16775,4310851.8008
765,659666.06015,4310840.73805
766,659681.4423,4310836.8932
767,659692.74155,4310836.25645
768,659704.81965,4310839.159
769,659713.63475,4310846.61565
770,659716.9172,4310853.313
771,659718.4479,4310861.59065
772,659716.7123,4310878.46835
773,659709.37045,4310898.30115
774,659699.5939,4310915.4986
775,659683.12025,4310937.7231
776,659658.69755,4310964.39035
777,659617.7723,4311002.9823
778,659550.91735,4311062.2068
779,659555.9909,4311072.6183
780,659561.48635,4311079.404
781,659568.5479,4311083.0457
782,659578.32035,4311084.02495
783,659639.27875,4311066.3092
784,659650.7215,4311064.60865
785,659661.1561,4311065.3705
786,659671.3837,4311069.1372
787,659682.18785,4311076.0952
788,659724.82625,4311113.2516
789,659738.07105,4311122.6268
790,659767.4022,4311127.0857
791,659840.8343,4311130.6899
792,659878.1554,4311129.69995
793,659927.52815,4311112.4042
794,659954.3882,4311108.8141
795,659980.6351,4311112.2285
796,660011.3659,4311124.24375
797,660043.79405,4311144.18285
798,660061.5819,4311158.415
799,660070.7019,4311167.98295
800,660074.30225,4311175.13365
801,660072.1682,4311179.69415
802,660064.962,4311182.07305
803,660045.4349,4311183.89565
804,660099.565,4311239.1349
805,660107.08885,4311250.6781
806,660114.8621,4311252.1328
807,660142.58445,4311238.2908
808,660151.44,4311236.5264
809,660159.783,4311237.19195
810,660167.6981,4311239.7679
811,660182.62225,4311248.52535
812,660196.3825,4311259.91275
813,660208.2582,4311272.51655
814,660217.3349,4311285.3377
815,660225.01325,4311303.36885
816,660229.22855,4311345.9965
817,660236.7093,4311372.1969
818,660246.34115,4311395.707
819,660258.1756,4311415.33565
820,660266.69105,4311424.35485
821,660275.5181,4311429.58185
822,660295.36675,4311434.12945
823,660299.95815,4311436.91425
824,660301.933,4311442.625
825,660300.55,4311458.87265
826,660304.1099,4311465.43145
827,660317.26835,4311473.0724
828,660356.07155,4311487.8203
829,660371.39465,4311496.09675
830,660402.28415,4311516.42225
831,660415.5638,4311520.0156
832,660436.9809,4311513.8524
833,660443.17985,4311509.9297
834,660445.62615,4311505.6128
835,660444.99165,4311498.18075
836,660436.17105,4311470.5112
837,660432.47545,4311418.6313
838,660433.14155,4311405.8601
839,660436.0429,4311394.729
840,660440.43105,4311385.47645
841,660465.99755,4311352.84605
842,660468.41605,4311347.66105
843,660468.20395,4311343.15955
844,660463.1203,4311338.33615
845,660449.00475,4311334.2054
846,660376.20325,4311327.0456
847,660342.9869,4311321.77175
848,660321.9687,4311315.77395
849,660309.54305,4311308.3722
850,660305.759,4311302.74555
851,660304.81925,4311295.34685
852,660309.25605,4311270.9508
853,660312.1513,4311265.04395
854,660321.43355,4311260.19245
855,660356.10395,4311258.2077
856,660373.8321,4311252.9509
857,660381.31355,4311248.16275
858,660386.33655,4311242.0267
859,660388.23005,4311234.7548
860,660386.28165,4311227.1275
861,660378.3744,4311218.9607
862,660362.81675,4311212.3244
863,660346.61355,4311209.4758
864,660310.06415,4311206.98175
865,660298.37945,4311204.0389
866,660291.78775,4311200.3783
867,660288.8624,4311197.10825
868,660287.5372,4311192.437
869,660291.2903,4311174.77415
870,660289.4121,4311162.16715
871,660282.98865,4311150.6803
872,660261.52575,4311126.78665
873,660258.501,4311118.2268
874,660256.23165,4311100.7564
875,660253.379,4311094.3313
876,660248.28485,4311088.77185
877,660240.99085,4311084.28445
878,660204.83595,4311071.91465
879,660187.1659,4311062.78865
880,660181.89345,4311058.01405
881,660178.96245,4311052.85605
882,660178.9176,4311047.46525
883,660180.6609,4311043.8472
884,660191.3188,4311035.39505
885,660209.93195,4311029.3273
886,660234.09025,4311027.5905
887,660255.55795,4311030.05795
888,660277.62635,4311035.7087
889,660299.4296,4311043.55175
890,660368.60425,4311072.4884
891,660383.105,4311079.9419
892,660393.81835,4311090.23585
893,660410.1622,4311118.8076
894,660439.4125,4311160.56585
895,660449.26905,4311178.99845
896,660461.1147,4311207.36525
897,660469.3413,4311220.02215
898,660478.2923,4311228.93375
899,660494.4957,4311240.8619
900,660521.35255,4311254.3954
901,660541.5165,4311257.02535
902,660557.1827,4311253.893
903,660565.75295,4311250.5395
904,660584.25655,4311240.37085
905,660641.16925,4311200.87985
906,660654.49205,4311195.51795
907,660658.73925,4311196.07705
908,660660.8746,4311199.1717
909,660660.4865,4311205.01325
910,660657.18565,4311213.74295
911,660650.69315,4311225.39605
912,660613.23925,4311275.35605
913,660580.00175,4311313.38545
914,660521.2575,4311370.22425
915,660485.2242,4311415.1241
916,660490.5003,4311520.25675
917,660505.8982,4311496.853
918,660524.28225,4311472.77325
919,660542.8956,4311451.68615
920,660559.84045,4311436.3751
921,660572.09515,4311428.58965
922,660586.20895,4311423.68445
923,660599.43555,4311422.63625
924,660637.58435,4311424.8654
925,660650.73835,4311421.8285
926,660661.88155,4311416.35555
927,660676.2029,4311405.98865
928,660692.07175,4311391.6736
929,660772.1631,4311309.33725
930,660793.9821,4311290.89555
931,660809.7897,4311280.46055
932,660828.4087,4311271.97235
933,660850.66625,4311267.6016
934,660877.8046,4311270.3557
935,660899.60155,4311277.8418
936,660908.8325,4311256.01475
937,660895.1442,4311073.23445
938,660942.87315,4310954.16865
939,660952.73755,4310925.689
940,660961.5485,4310885.82495
941,661014.331,4310720.66395
942,661078.6456,4310642.40875
943,661015.11075,4310559.6639
944,660993.0107,4310527.81455
945,660968.7478,4310506.08185
946,660945.35895,4310491.197
947,660923.8037,4310479.7601
948,660858.6274,4310449.4155
949,660839.10385,4310442.50295
950,660779.146,4310437.92035
951,660679.08565,4310418.6686
952,660649.80325,4310416.721
953,660626.16665,4310418.6845
954,660593.416,4310428.0318
955,660574.165,4310438.73955
956,660563.7006,4310452.33435
957,660550.0956,4310484.63015
958,660540.4249,4310493.60605
959,660533.6966,4310494.841
960,660529.80185,4310492.32325
961,660531.63495,4310475.619
962,660527.8029,4310467.57325
963,660518.28055,4310461.63655
964,660505.5755,4310460.7415
965,660491.48,4310466.4872
966,660446.93895,4310498.90525
967,660418.56245,4310514.7524
968,660387.59545,4310525.41435
969,660364.1075,4310528.8543
970,660333.6169,4310527.70385
971,660305.54415,4310521.34105
972,660231.1375,4310489.69625
973,660217.17425,4310481.308
974,660213.6415,4310475.91135
975,660214.065,4310470.7654
976,660228.04285,4310456.59895
977,660233.08635,4310433.9704
978,660238.57445,4310429.3286
979,660247.307,4310427.29155
980,660262.3762,4310429.8515
981,660274.46,4310435.94355
982,660310.84155,4310467.07015
983,660326.7956,4310476.2622
984,660349.34515,4310482.03255
985,660361.44725,4310482.3859
986,660369.6637,4310480.53
987,660372.30215,4310478.24035
988,660372.1755,4310473.7056
989,660362.8328,4310461.22805
990,660360.7854,4310456.152
991,660361.47135,4310453.3571
992,660364.0469,4310451.40815
993,660374.4129,4310450.999
994,660407.6951,4310459.2976
995,660415.88175,4310459.32925
996,660419.9606,4310456.8653
997,660419.8256,4310454.15085
998,660415.3175,4310449.1353
999,660394.636,4310435.66245
1000,660387.8678,4310429.39535
1001,660385.1174,4310421.40915
1002,660389.6002,4310415.48675
1003,660404.7172,4310408.9634
1004,660419.79875,4310400.0019
1005,660437.43535,4310401.8257
1006,660446.45315,4310399.47385
1007,660502.608,4310369.5042
1008,660526.05045,4310353.6001
1009,660537.3666,4310347.7058
1010,660551.05375,4310344.92295
1011,660585.13735,4310346.25245
1012,660590.392,4310343.19425
1013,660591.4868,4310335.97835
1014,660588.16715,4310324.15235
1015,660576.57985,4310299.5311
1016,660536.50135,4310230.83505
1017,660521.4664,4310213.32385
1018,660511.9689,4310208.5103
1019,660504.93435,4310208.0611
1020,660493.40915,4310212.09595
1021,660477.6527,4310225.22815
1022,660467.0793,4310238.46965
1023,660443.1317,4310276.2762
1024,660428.7384,4310295.546
1025,660398.9596,4310330.3595
1026,660377.6774,4310351.4243
1027,660357.89255,4310366.10205
1028,660342.86025,4310372.99405
1029,660326.01905,4310374.8923
1030,660320.8938,4310373.6898
1031,660316.16015,4310370.3091
1032,660315.6542,4310365.6024
1033,660321.69865,4310357.8596
1034,660359.86485,4310330.4531
1035,660374.59955,4310316.4877
1036,660400.40815,4310276.1895
1037,660404.7698,4310265.7623
1038,660402.0045,4310260.94935
1039,660392.73845,4310258.67
1040,660348.448,4310258.79925
1041,660323.8268,4310256.35315
1042,660316.91765,4310253.97845
1043,660310.13835,4310249.2371
1044,660308.13645,4310245.74675
1045,660309.00505,4310240.98905
1046,660316.4378,4310236.93745
1047,660337.0721,4310233.14585
1048,660371.63435,4310221.1946
1049,660403.6692,4310213.67865
1050,660406.99705,4310211.1989
1051,660403.8656,4310208.279
1052,660394.88785,4310205.17405
1053,660354.1673,4310196.8232
1054,660335.667,4310190.9424
1055,660325.003,4310183.1605
1056,660323.1025,4310178.93145
1057,660323.5649,4310174.90025
1058,660328.75295,4310170.0365
1059,660339.16345,4310167.377
1060,660361.4064,4310151.28745
1061,660408.04015,4310143.19105
1062,660415.8984,4310125.5559
1063,660412.15275,4310122.38115
1064,660400.37005,4310120.36405
1065,660348.2046,4310119.5867
1066,660317.20745,4310116.1866
1067,660310.61915,4310113.78065
1068,660304.67495,4310108.84855
1069,660302.42295,4310098.3957
1070,660307.39595,4310090.61365
1071,660321.3905,4310086.20205
1072,660343.6685,4310086.1538
1073,660389.3832,4310091.02155
1074,660402.7842,4310089.63315
1075,660402.7547,4310086.44755
1076,660395.3449,4310081.10755
1077,660361.3135,4310066.5108
1078,660342.38435,4310056.5206
1079,660335.75465,4310051.0862
1080,660333.0583,4310045.80005
1081,660335.1343,4310041.35295
1082,660344.6722,4310037.941
1083,660383.3089,4310038.44185
1084,660393.6931,4310035.9765
1085,660399.4058,4310031.71135
1086,660403.09025,4310025.3429
1087,660404.11535,4310017.24655
1088,660402.99055,4310011.3176
1089,660398.4106,4310002.668
1090,660393.5153,4309997.74565
1091,660379.73955,4309991.4028
1092,660355.3907,4309990.14085
1093,660279.52755,4309994.44625
1094,660239.88465,4309991.32975
1095,660196.87605,4309983.60885
1096,660180.86715,4309975.78675
1097,660167.7513,4309963.7558
1098,660164.0214,4309956.1715
1099,660163.96645,4309951.72885
1100,660167.5564,4309946.6966
1101,660174.66545,4309943.8729
1102,660239.2068,4309935.64195
1103,660249.8146,4309936.4684
1104,660275.77415,4309943.1254
1105,660284.3522,4309943.14345
1106,660290.93675,4309940.82175
1107,660294.42,4309936.44295
1108,660294.3841,4309930.22785
1109,660281.22075,4309900.10295
1110,660278.3179,4309888.856
1111,660278.9706,4309880.4361
1112,660283.23235,4309876.6426
1113,660290.2806,4309877.9107
1114,660317.51675,4309894.9159
1115,660335.9233,4309902.10555
1116,660342.19745,4309902.6429
1117,660349.56595,4309900.9638
1118,660353.8182,4309896.7822
1119,660354.6306,4309892.9407
1120,660351.1486,4309883.54595
1121,660334.55045,4309863.3621
1122,660328.27855,4309850.5855
1123,660328.67085,4309841.5022
1124,660338.23875,4309822.07935
1125,660336.32785,4309815.0153
1126,660330.50875,4309811.12815
1127,660301.7461,4309799.39565
1128,660260.2176,4309773.3545
1129,660190.71885,4309720.6222
1130,660150.80265,4309697.0379
1131,660145.8406,4309691.11475
1132,660137.87325,4309669.8924
1133,660138.21295,4309666.2476
1134,660142.2907,4309664.828
1135,660149.99935,4309665.87965
1136,660242.1774,4309690.53205
1137,660262.73745,4309702.05015
1138,660294.20515,4309732.1059
1139,660301.40065,4309734.84255
1140,660306.5748,4309732.9469
1141,660308.9238,4309727.50025
1142,660308.41455,4309719.9808
1143,660302.49465,4309699.1612
1144,660297.416,4309673.1465
1145,660292.29005,4309660.377
1146,660283.9383,4309647.97495
1147,660273.30395,4309635.9558
1148,660238.63415,4309607.9864
1149,660234.15845,4309601.3062
1150,660235.9975,4309597.23355
1151,660242.1555,4309594.61595
1152,660251.341,4309593.98985
1153,660261.7287,4309595.55045
1154,660277.62125,4309602.62455
1155,660299.1121,4309621.1406
1156,660304.30565,4309622.58455
1157,660308.4117,4309620.5435
1158,660310.3196,4309614.6124
1159,660309.2579,4309604.7817
1160,660297.64235,4309567.5535
1161,660294.9661,4309554.20225
1162,660295.526,4309541.0887
1163,660297.41255,4309537.4732
1164,660300.1729,4309536.2067
1165,660303.68685,4309537.34055
1166,660310.13725,4309542.97475
1167,660333.89475,4309572.93125
1168,660337.9065,4309581.3292
1169,660341.66015,4309604.62255
1170,660344.78695,4309611.2126
1171,660348.08475,4309613.83745
1172,660354.3459,4309614.88715
1173,660373.3975,4309610.80305
1174,660378.41165,4309613.49975
1175,660381.221,4309617.24795
1176,660385.09565,4309628.27305
1177,660386.1113,4309644.6171
1178,660383.862,4309657.3234
1179,660376.4326,4309677.827
1180,660375.4558,4309686.83155
1181,660379.5455,4309699.7685
1182,660390.92115,4309713.8252
1183,660397.39795,4309717.7223
1184,660401.95565,4309717.03165
1185,660424.20725,4309681.31825
1186,660436.37705,4309670.0948
1187,660446.67,4309666.9857
1188,660454.4126,4309666.9247
1189,660465.6402,4309669.7986
1190,660474.158,4309675.7036
1191,660479.5266,4309687.15825
1192,660483.2684,4309719.25615
1193,660489.7386,4309742.4438
1194,660496.90875,4309759.50295
1195,660512.7117,4309784.6967
1196,660515.92395,4309793.148
1197,660515.6859,4309806.534
1198,660509.1539,4309835.5176
1199,660507.23005,4309852.91685
1200,660509.11785,4309870.68965
1201,660514.15495,4309884.55745
1202,660525.9858,4309902.8448
1203,660545.57645,4309921.636
1204,660561.95455,4309930.98835
1205,660591.54885,4309939.0385
1206,660596.75775,4309943.8796
1207,660595.70965,4309952.6092
1208,660575.58395,4309993.6852
1209,660571.62245,4310012.17655
1210,660571.8629,4310024.68635
1211,660578.53135,4310050.05995
1212,660613.63255,4310130.27435
1213,660620.08875,4310153.7491
1214,660624.376,4310184.9119
1215,660631.45405,4310202.83495
1216,660641.7546,4310214.24365
1217,660650.67635,4310219.85525
1218,660665.6437,4310224.989
1219,660693.2294,4310230.39005
1220,660700.13345,4310233.6682
1221,660705.6589,4310238.65
1222,660713.11545,4310254.1139
1223,660721.32625,4310292.7091
1224,660726.5353,4310309.7731
1225,660737.65555,4310329.884
1226,660749.093,4310341.7879
1227,660762.0241,4310350.11435
1228,660779.25315,4310354.76905
1229,660794.82485,4310352.04215
1230,660817.82895,4310338.8703
1231,660826.16445,4310336.2339
1232,660833.5532,4310337.55725
1233,660852.14575,4310348.79955
1234,660869.13505,4310347.1205
1235,660871.3791,4310351.59855
1236,660871.3979,4310368.05605
1237,660873.39615,4310378.8474
1238,660878.20145,4310389.5373
1239,660885.43715,4310398.83595
1240,660893.97655,4310406.1888
1241,660933.6591,4310433.21255
1242,660969.23985,4310453.668
1243,660982.00935,4310465.29805
1244,661007.2311,4310493.65005
1245,661043.7222,4310530.44165
1246,661056.56295,4310539.23595
1247,661066.1691,4310541.74365
1248,661075.73715,4310541.0696
1249,661085.11775,4310537.9445
1250,661097.1967,4310530.7046
1251,661105.854,4310523.3178
1252,661116.2397,4310511.60065
1253,661122.19545,4310502.15605
1254,661125.32665,4310493.1006
1255,661125.2444,4310487.805
1256,661123.15075,4310483.40885
1257,661116.2803,4310478.6807
1258,661089.0049,4310472.07235
1259,661076.2628,4310467.04945
1260,661060.2858,4310453.60845
1261,661049.0162,4310437.2569
1262,661038.98445,4310417.02955
1263,661031.85045,4310397.2699
1264,661029.3465,4310380.89585
1265,661031.15795,4310378.91565
1266,661034.60365,4310380.63945
1267,661051.25395,4310396.0398
1268,661061.24175,4310402.8653
1269,661067.6147,4310405.60095
1270,661075.67515,4310406.41165
1271,661081.5022,4310403.77795
1272,661090.5546,4310396.3279
1273,661109.8021,4310393.1043
1274,661126.0589,4310379.19455
1275,661134.9444,4310378.835
1276,661153.1941,4310383.6074
1277,661163.2687,4310381.8355
1278,661179.8479,4310372.51695
1279,661196.06205,4310357.45695
1280,661201.5721,4310349.2794
1281,661204.20575,4310341.2803
1282,661202.2054,4310329.70165
1283,661172.11475,4310290.3518
1284,661163.71455,4310275.0818
1285,661160.1117,4310264.7082
1286,661158.17335,4310254.40815
1287,661158.1701,4310239.8905
1288,661159.86565,4310231.65515
1289,661164.42515,4310223.0854
1290,661170.6196,4310220.38175
1291,661179.873,4310225.65175
1292,661216.3569,4310272.17745
1293,661226.23505,4310282.4173
1294,661242.88085,4310291.3733
1295,661255.792,4310292.51955
1296,661265.7651,4310288.85035
1297,661276.15685,4310280.5902
1298,661308.2585,4310242.8575
1299,661326.5713,4310224.755
1300,661344.7427,4310212.5004
1301,661374.93395,4310198.9922
1302,661381.3611,4310192.3556
1303,661383.0147,4310183.47565
1304,661377.7994,4310169.79605
1305,661367.46945,4310157.00625
1306,661352.28475,4310143.82905
1307,661328.33045,4310129.6314
1308,661285.4201,4310117.14825
1309,661273.5277,4310111.77
1310,661264.5864,4310105.59925
1311,661261.1351,4310100.2468
1312,661261.01215,4310096.1883
1313,661262.82085,4310091.7707
1314,661268.76875,4310084.8622
1315,661280.24945,4310076.4792
1316,661292.4472,4310070.7684
1317,661304.249,4310069.48215
1318,661313.0899,4310072.1348
1319,661332.78285,4310083.813
1320,661354.81915,4310092.8156
1321,661384.09155,4310115.16745
1322,661392.5378,4310134.73885
1323,661400.90245,4310144.41565
1324,661417.9941,4310154.961
1325,661434.0213,4310159.92705
1326,661445.974,4310160.6345
1327,661461.1106,4310157.5148
1328,661512.09515,4310138.9363
1329,661519.6382,4310134.91975
1330,661523.25535,4310130.5536
1331,661523.1852,4310127.7187
1332,661519.66205,4310123.79445
1333,661492.62125,4310109.14755
1334,661476.21055,4310095.8122
1335,661455.0755,4310069.7721
1336,661434.3333,4310048.29895
1337,661416.79195,4310020.74285
1338,661406.7339,4310009.69595
1339,661397.72045,4310004.7879
1340,661371.43285,4310000.5622
1341,661358.04555,4309995.11475
1342,661331.7503,4309974.7654
1343,661320.95095,4309960.7331
1344,661320.02275,4309951.30955
1345,661323.9818,4309940.6448
1346,661331.95705,4309929.22885
1347,661342.2685,4309918.44375
1348,661353.18265,4309910.26975
1349,661360.19395,4309907.1412
1350,661369.99915,4309906.3698
1351,661379.10515,4309909.6738
1352,661390.56755,4309918.6634
1353,661398.60515,4309928.3972
1354,661427.2762,4309977.97175
1355,661455.4979,4310013.60115
1356,661482.16325,4310043.06765
1357,661499.09575,4310058.97015
1358,661508.503,4310064.07275
1359,661512.40785,4310062.9789
1360,661513.5775,4310060.9997
1361,661514.05845,4310049.74165
1362,661510.68885,4310032.3274
1363,661504.51255,4310011.97155
1364,661496.1176,4309991.80075
1365,661481.7062,4309968.4952
1366,661451.60955,4309935.94625
1367,661445.16115,4309925.50535
1368,661444.99265,4309921.8084
1369,661447.9694,4309918.2431
1370,661471.96295,4309915.2798
1371,661480.2987,4309910.6321
1372,661482.3955,4309906.4298
1373,661482.5139,4309900.94825
1374,661478.60605,4309890.66815
1375,661463.4871,4309870.7391
1376,661444.72755,4309852.85285
1377,661429.89295,4309842.0022
1378,661395.6075,4309821.9638
1379,661385.98645,4309814.78585
1380,661379.2621,4309806.70495
1381,661376.4354,4309798.234
1382,661377.86235,4309790.84705
1383,661383.1558,4309786.23065
1384,661391.5027,4309785.33755
1385,661405.85435,4309789.58765
1386,661429.09405,4309802.86075
1387,661477.579,4309839.99055
1388,661485.8411,4309844.43095
1389,661489.7631,4309844.6064
1390,661492.55575,4309839.58695
1391,661491.7076,4309828.5287
1392,661476.70235,4309776.32785
1393,661469.15645,4309762.05565
1394,661462.2027,4309755.71585
1395,661414.47595,4309736.8963
1396,661393.9091,4309725.9689
1397,661377.32715,4309714.7524
1398,661369.75075,4309707.00445
1399,661367.34345,4309702.21825
1400,661367.01935,4309697.72995
1401,661370.099,4309691.64325
1402,661376.57105,4309686.67685
1403,661384.89625,4309683.4722
1404,661398.70495,4309683.7558
1405,661406.3082,4309687.43645
1406,661437.1205,4309708.6997
1407,661450.1959,4309713.63455
1408,661462.89305,4309711.36025
1409,661482.88395,4309700.04485
1410,661492.43045,4309696.8511
1411,661500.62645,4309698.2382
1412,661507.16395,4309704.5201
1413,661512.1245,4309714.2517
1414,661516.1409,4309728.216
1415,661516.2042,4309753.3768
1416,661532.49225,4309778.987
1417,661537.1239,4309790.52265
1418,661543.52785,4309855.25465
1419,661547.38615,4309874.65965
1420,661552.8072,4309887.89215
1421,661571.1732,4309916.64205
1422,661576.71535,4309929.92905
1423,661580.9626,4309979.5802
1424,661583.08855,4309984.824
1425,661587.9492,4309990.51025
1426,661603.28935,4309998.34895
1427,661608.54665,4310003.4071
1428,661607.0866,4310008.8186
1429,661594.6841,4310018.44745
1430,661594.185,4310022.6962
1431,661597.90745,4310027.37155
1432,661605.2943,4310031.86885
1433,661626.451,4310037.6694
1434,661645.95575,4310036.43185
1435,661660.9522,4310030.04345
1436,661677.41485,4310016.7302
1437,661687.25935,4310005.44435
1438,661691.80915,4309997.2396
1439,661691.29925,4309994.97605
1440,661686.7137,4309993.99575
1441,661657.23045,4309997.1486
1442,661649.69985,4309994.30985
1443,661647.12195,4309990.50305
1444,661646.97925,4309982.4026
1445,661653.8095,4309953.15225
1446,661655.51435,4309903.2629
1447,661652.75555,4309895.9558
1448,661641.44895,4309886.77075
1449,661638.14165,4309881.36955
1450,661638.58875,4309871.51335
1451,661643.5826,4309862.5541
1452,661656.97615,4309850.9929
1453,661676.6785,4309843.7131
1454,661693.74545,4309842.25345
1455,661754.1938,4309845.34275
1456,661771.03515,4309842.86475
1457,661785.16205,4309837.1031
1458,661798.9132,4309824.0494
1459,661820.1351,4309790.8201
1460,661848.4664,4309761.58635
1461,661856.67445,4309747.80955
1462,661859.22,4309737.04415
1463,661858.2915,4309724.99105
1464,661853.0943,4309711.72925
1465,661843.31165,4309697.4453
1466,661829.3514,4309682.49365
1467,661803.25775,4309660.1538
1468,661775.95285,4309640.5935
1469,661751.87695,4309627.17155
1470,661738.32685,4309622.84725
1471,661726.3311,4309622.39295
1472,661715.1347,4309625.324
1473,661674.1845,4309647.2357
1474,661648.59945,4309655.81045
1475,661635.73915,4309657.2077
1476,661616.8464,4309655.7997
1477,661599.0115,4309651.3159
1478,661564.2765,4309639.10355
1479,661547.7189,4309636.77435
1480,661539.82355,4309637.64985
1481,661528.55965,4309641.5172
1482,661501.75795,4309660.62085
1483,661492.256,4309663.4457
1484,661482.19325,4309660.26955
1485,661463.57495,4309649.16425
1486,661450.56925,4309639.3489
1487,661443.6206,4309631.2503
1488,661441.61565,4309625.8827
1489,661442.12965,4309620.7562
1490,661455.6734,4309604.46215
1491,661457.71855,4309599.7469
1492,661454.25465,4309592.84535
1493,661446.5399,4309589.11715
1494,661426.83475,4309586.5679
1495,661409.30815,4309587.54935
1496,661328.8452,4309603.9199
1497,661318.5331,4309604.7585
1498,661312.0275,4309603.47635
1499,661309.00065,4309600.23085
1500,661309.91965,4309592.5834
1501,661315.6167,4309583.2135
1502,661330.37735,4309565.3451
1503,661334.4201,4309555.6397
1504,661325.7998,4309511.7215
1505,661322.10705,4309503.4592
1506,661317.8412,4309499.75225
1507,661307.97475,4309497.2413
1508,661257.0327,4309500.14995
1509,661232.0529,4309497.8048
1510,661221.1687,4309494.9286
1511,661208.2092,4309489.1099
1512,661200.2229,4309482.69405
1513,661197.46375,4309476.99955
1514,661199.2825,4309472.8585
1515,661206.72585,4309470.02245
1516,661241.1511,4309470.1031
1517,661252.706,4309468.2538
1518,661263.2181,4309461.81795
1519,661270.1009,4309452.5593
1520,661279.34525,4309429.19075
1521,661284.1637,4309401.78825
1522,661281.69545,4309379.79935
1523,661271.6434,4309356.8251
1524,661242.13975,4309311.4262
1525,661225.088,4309272.72135
1526,661219.055,4309263.7534
1527,661210.4859,4309257.6142
1528,661199.4923,4309254.9634
1529,661186.8526,4309255.90335
1530,661160.4526,4309262.80705
1531,661148.1312,4309264.32305
1532,661136.7653,4309262.6367
1533,661126.3746,4309257.68755
1534,661117.1334,4309250.0613
1535,661109.4476,4309240.44865
1536,661102.1238,4309225.3972
1537,661090.64125,4309189.524
1538,661083.198,4309178.0309
1539,661074.25505,4309171.54395
1540,661066.166,4309170.49935
1541,661052.1404,4309174.79245
1542,660994.25925,4309207.5147
1543,660990.0317,4309211.49425
1544,660986.84215,4309218.28605
1545,660986.00535,4309237.85925
1546,660983.96305,4309240.48175
1547,660980.32425,4309241.26695
1548,660964.55265,4309234.593
1549,660933.9152,4309213.03045
1550,660921.76475,4309206.38235
1551,660911.70495,4309204.12105
1552,660894.52345,4309206.46235
1553,660887.57005,4309204.0122
1554,660853.2699,4309174.94425
1555,660825.286,4309157.7446
1556,660805.35925,4309150.85495
1557,660790.0675,4309150.121
1558,660780.03995,4309154.40935
1559,660769.85505,4309166.37985
1560,660761.48395,4309187.0161
1561,660753.9212,4309223.4425
1562,660750.6575,4309228.5085
1563,660746.2917,4309227.6878
1564,660714.6704,4309179.36605
1565,660695.32065,4309166.7835
1566,660692.49795,4309163.0501
1567,660695.13575,4309157.48135
1568,660719.92215,4309138.9865
1569,660724.79235,4309132.28585
1570,660727.80155,4309124.3932
1571,660728.52205,4309115.47425
1572,660725.29815,4309100.93795
1573,660718.08235,4309086.4365
1574,660708.7521,4309073.7474
1575,660698.72865,4309064.80165
1576,660691.98965,4309061.89545
1577,660685.29405,4309061.9485
1578,660678.71815,4309065.05895
1579,660666.45235,4309078.847
1580,660646.2268,4309115.493
1581,660642.95905,4309119.0627
1582,660639.0322,4309119.4175
1583,660636.6441,4309114.3311
1584,660635.8776,4309105.5631
1585,660641.81705,4309043.03555
1586,660641.5704,4309033.0866
1587,660639.3459,4309026.2753
1588,660621.18205,4309003.95175
1589,660577.3022,4308984.82605
1590,660553.25005,4308997.159
1591,660546.5198,4308997.8465
1592,660542.08345,4308994.5565
1593,660540.2846,4308986.2106
1594,660544.2536,4308975.9355
1595,660587.00385,4308942.3532
1596,660594.0996,4308931.4969
1597,660595.49075,4308920.5701
1598,660590.1209,4308905.1246
1599,660585.971,4308898.57855
1600,660580.8911,4308894.10455
1601,660571.96585,4308893.10785
1602,660549.6194,4308900.4653
1603,660544.3263,4308897.9913
1604,660543.01055,4308889.3131
1605,660545.84985,4308865.67425
1606,660545.5467,4308852.65515
1607,660541.443,4308844.39035
1608,660527.94495,4308836.4678
1609,660524.81995,4308832.67685
1610,660523.099,4308827.30095
1611,660520.04585,4308796.47405
1612,660517.19235,4308788.9867
1613,660510.9796,4308779.6297
1614,660501.2141,4308772.42535
1615,660496.44065,4308771.62035
1616,660489.68825,4308773.88645
1617,660477.05415,4308786.5998
1618,660458.59275,4308812.2877
1619,660452.02635,4308816.0494
1620,660449.8572,4308814.42055
1621,660447.5329,4308808.39845
1622,660442.74175,4308773.36825
1623,660437.5289,4308764.35495
1624,660429.32365,4308757.5955
1625,660418.92215,4308753.08265
1626,660407.52675,4308750.50155
1627,660367.01945,4308749.4062
1628,660343.36165,4308737.6216
1629,660335.66205,4308737.74075
1630,660319.7794,4308742.2469
1631,660312.49155,4308741.2511
1632,660308.2322,4308737.6767
1633,660304.573,4308731.65305
1634,660294.5308,4308701.4874
1635,660287.52555,4308688.98615
1636,660283.21575,4308685.5216
1637,660267.34485,4308679.44555
1638,660257.78915,4308673.4541
1639,660225.10215,4308641.77765
1640,660217.8116,4308638.631
1641,660212.6225,4308640.88
1642,660209.8082,4308647.58095
1643,660208.02755,4308670.1226
1644,660205.2564,4308672.6992
1645,660202.2034,4308670.8968
1646,660192.8266,4308653.58445
1647,660178.83965,4308591.36325
1648,660169.42385,4308570.12745
1649,660159.16395,4308558.7189
1650,660147.05645,4308551.7574
1651,660134.7957,4308549.38225
