12910811.0728654,4845802.07597945,12912870.7792554,4847861.78236953
0,12912403.1451486,4847841.58916963
1,12912401.9206343,4847835.64895657
2,12912398.46973,4847816.0897439
3,12912395.1301453,4847809.85978066
4,12912390.7886852,4847804.35423506
5,12912385.3340301,4847799.57310585
6,12912374.3134005,4847792.9085054
7,12912368.302148,4847791.89432748
8,12912335.2402593,4847792.9085054
9,12912301.2878146,4847799.57310585
10,12912289.3766291,4847800.29751922
11,12912286.8162808,4847798.84869254
12,12912285.1464884,4847796.96521817
13,12912283.0314181,4847793.63291828
14,12912282.5861401,4847790.30061951
15,12912282.5861401,4847783.78090779
16,12912283.3653766,4847775.66749485
17,12912286.8162808,4847770.16196845
18,12912294.4973256,4847760.45486368
19,12912336.9100516,4847725.53834246
20,12912353.9419337,4847718.58402944
21,12912359.8418667,4847718.87379238
22,12912365.7417997,4847720.75725172
23,12912400.1395224,4847743.50367393
24,12912411.2714715,4847753.50052588
25,12912422.2921011,4847762.0485668
26,12912427.4127976,4847763.49738803
27,12912431.6429383,4847763.06274162
28,12912435.8730789,4847759.0060429
29,12912448.5635009,4847741.04068299
30,12912452.7936415,4847736.54934815
31,12912458.804894,4847732.49266042
32,12912471.495316,4847728.14621111
33,12912477.5065685,4847724.37928994
34,12912481.7367091,4847720.32260724
35,12912483.4065015,4847718.14938504
36,12912484.2970574,4847714.09270491
37,12912483.8517795,4847710.76043321
38,12912482.5159456,4847707.42816264
39,12912472.3858719,4847699.31481294
40,12912443.4428043,4847683.81253847
41,12912426.5222417,4847673.96063846
42,12912392.1245191,4847642.6664336
43,12912377.6529852,4847629.33745079
44,12912366.6323557,4847623.39736647
45,12912333.4591474,4847615.71872623
46,12912321.6592814,4847611.22744887
47,12912316.5385848,4847608.04009198
48,12912311.4178882,4847603.98345748
49,12912291.0464214,4847570.08164896
50,12912269.3391207,4847542.69950469
51,12912267.2240504,4847541.25071612
52,12912264.3297436,4847540.23656425
53,12912258.3184911,4847539.51217012
54,12912252.4185581,4847542.40974696
55,12912239.6168167,4847548.34978215
56,12912232.8263277,4847549.36393487
57,12912226.9263947,4847547.91514531
58,12912215.9057651,4847541.68535266
59,12912199.764439,4847527.63211404
60,12912186.1834611,4847505.90034143
61,12912183.6231128,4847499.23594081
62,12912181.0627645,4847486.05203123
63,12912180.1722086,4847473.8822843
64,12912183.6231128,4847460.2637759
65,12912192.97395,4847442.1540866
66,12912197.2040907,4847437.37313422
67,12912208.2247203,4847431.14341188
68,12912221.0264617,4847426.65221918
69,12912234.6074396,4847424.47906215
70,12912247.2978615,4847424.47906215
71,12912253.6430725,4847425.20344777
72,12912260.099603,4847427.81123645
73,12912279.1352359,4847436.35899311
74,12912291.9369773,4847442.1540866
75,12912296.612396,4847444.03749274
76,12912308.8575399,4847446.93504133
77,12912315.6480289,4847447.36967369
78,12912322.4385178,4847444.32724755
79,12912339.4703999,4847432.59218417
80,12912351.3815854,4847425.92783345
81,12912375.9831929,4847413.4684073
82,12912386.1132665,4847406.07968533
83,12912389.5641708,4847401.58850411
84,12912392.1245191,4847396.083188
85,12912393.015075,4847389.85349194
86,12912390.4547267,4847375.07608921
87,12912389.5641708,4847372.61319092
88,12912387.8943784,4847369.570788
89,12912385.7793081,4847366.96301483
90,12912383.6642377,4847365.22449978
91,12912371.7530522,4847358.12556647
92,12912362.402215,4847349.28812607
93,12912361.0663811,4847347.11498622
94,12912360.7324227,4847343.78283937
95,12912361.9569371,4847316.98082987
96,12912361.5116591,4847298.43677976
97,12912359.3965888,4847294.38027346
98,12912356.3909625,4847291.19301971
99,12912351.3815854,4847288.15064209
100,12912332.679911,4847281.92101467
101,12912320.7687255,4847276.41576583
102,12912308.412262,4847269.75152138
103,12912304.6273993,4847265.69502698
104,12912294.4973256,4847247.29594846
105,12912279.5805139,4847222.52244064
106,12912273.2353029,4847208.90428174
107,12912271.1202326,4847203.10932624
108,12912269.7843987,4847195.72076298
109,12912269.7843987,4847191.22967823
110,12912270.6749546,4847187.17321633
111,12912272.344747,4847183.8411239
112,12912286.3710028,4847163.26910008
113,12912293.6067697,4847153.99721614
114,12912296.167118,4847149.94076968
115,12912297.3916324,4847142.69711947
116,12912298.7274663,4847136.32271171
117,12912298.7274663,4847133.13550939
118,12912298.2821883,4847130.09318087
119,12912289.821907,4847098.36609686
120,12912288.0407952,4847090.68786824
121,12912287.5955172,4847085.90708741
122,12912288.0407952,4847081.416053
123,12912288.9313511,4847078.51861255
124,12912289.821907,4847077.35963661
125,12912291.9369773,4847075.18655709
126,12912295.72184,4847072.28911847
127,12912298.2821883,4847071.85450276
128,12912302.067051,4847071.56475896
129,12912307.1877476,4847072.57886229
130,12912310.1933738,4847074.46219736
131,12912312.7537221,4847077.06989264
132,12912333.9044254,4847102.13277725
133,12912352.6060998,4847121.98030943
134,12912356.3909625,4847124.58801736
135,12912359.8418667,4847126.0367443
136,12912364.5172853,4847126.76110785
137,12912367.5229116,4847126.76110785
138,12912372.1983302,4847126.47136243
139,12912376.8737488,4847124.58801736
140,12912384.8887522,4847118.64823917
141,12912396.3546597,4847109.81101485
142,12912409.4903596,4847098.07635228
143,12912415.5016121,4847089.96350735
144,12912418.3959189,4847085.18272689
145,12912420.9562672,4847078.51861255
146,12912421.4015451,4847073.01347805
147,12912420.5109892,4847067.79809031
148,12912419.2864748,4847064.90065388
149,12912417.6166824,4847062.29296183
150,12912415.0563342,4847060.55450086
151,12912411.6054299,4847058.96091188
152,12912407.8205673,4847058.96091188
153,12912404.814941,4847060.55450086
154,12912388.6736148,4847075.18655709
155,12912383.9981962,4847083.00964562
156,12912381.5491674,4847084.45836641
157,12912378.9888191,4847084.45836641
158,12912374.3134005,4847083.29938977
159,12912371.3077743,4847081.85066915
160,12912357.7267964,4847071.85450276
161,12912342.0307482,4847057.2224515
162,12912333.9044254,4847046.79169562
163,12912323.3290737,4847022.16356611
164,12912293.1614917,4846959.1448108
165,12912289.3766291,4846955.52305559
166,12912283.8106545,4846952.48078223
167,12912271.899469,4846947.70006887
168,12912212.4548609,4846937.8489093
169,12912205.664372,4846935.96560052
170,12912199.764439,4846934.08229208
171,12912192.97395,4846931.90924434
172,12912186.9626975,4846929.73619709
173,12912162.36109,4846920.89914323
174,12912150.1159461,4846915.39409732
175,12912138.983997,4846909.01983748
176,12912134.3085784,4846904.96349249
177,12912129.6331598,4846899.89306359
178,12912115.2729455,4846877.43833862
179,12912113.1578751,4846871.49871031
180,12912109.261693,4846858.17077696
181,12912108.0371785,4846852.37602898
182,12912108.4824565,4846845.27746736
183,12912111.0428048,4846831.65983298
184,12912115.2729455,4846805.14896078
185,12912115.2729455,4846799.64397991
186,12912114.8276675,4846797.47096201
187,12912113.4918336,4846792.6903243
188,12912100.8014116,4846771.24991725
189,12912096.571271,4846766.90389451
190,12912061.7282704,4846735.17798695
191,12912047.2567366,4846721.56050564
192,12912033.2304807,4846706.49437814
193,12912026.4399918,4846696.06399579
194,12912012.0797775,4846666.22157423
195,12912006.068525,4846647.09929366
196,12911996.7176878,4846622.03757336
197,12911982.3574734,4846593.35429588
198,12911974.6764286,4846583.06889866
199,12911950.8540576,4846560.90462869
200,12911914.0073061,4846532.94584987
201,12911903.765913,4846525.12320065
202,12911898.1999384,4846520.05296838
203,12911894.4150757,4846515.56219343
204,12911879.9435419,4846494.26725633
205,12911874.0436089,4846474.71072222
206,12911864.6927717,4846450.37375653
207,12911855.3419345,4846418.35914972
208,12911851.1117938,4846405.75614315
209,12911848.5514455,4846400.25138674
210,12911833.3006753,4846371.13417409
211,12911828.1799787,4846364.90512989
212,12911821.3894898,4846356.06858561
213,12911806.917956,4846342.45163132
214,12911784.4314188,4846326.22719987
215,12911755.5996707,4846313.76917256
216,12911745.8035555,4846311.16168047
217,12911736.0074403,4846309.71307404
218,12911702.0549956,4846308.98877091
219,12911689.3645737,4846310.0027953
220,12911676.5628322,4846311.45140177
221,12911663.4271323,4846315.94208314
222,12911632.8142724,4846328.11039144
223,12911622.6841987,4846329.84872243
224,12911614.1125979,4846330.71788804
225,12911610.7730132,4846330.71788804
226,12911607.322109,4846329.55900057
227,12911601.4221759,4846327.38608696
228,12911593.2958531,4846322.89540032
229,12911589.5109904,4846319.5636019
230,12911578.4903609,4846301.8906031
231,12911577.5998049,4846298.2690909
232,12911577.5998049,4846295.22702167
233,12911577.5998049,4846292.76439491
234,12911578.4903609,4846289.72232739
235,12911580.1601532,4846287.1148417
236,12911581.8299456,4846285.37651829
237,12911592.9618947,4846275.81574507
238,12911605.6523166,4846269.87648156
239,12911617.5635021,4846266.97928116
240,12911657.4158798,4846267.26900116
241,12911670.6628992,4846267.26900116
242,12911677.0081102,4846266.54470117
243,12911683.3533212,4846263.93722165
244,12911695.2645067,4846258.14282522
245,12911719.0868777,4846242.93255087
246,12911724.0962548,4846240.75965645
247,12911730.1075073,4846240.32507764
248,12911732.6678556,4846241.19423529
249,12911735.2282039,4846242.93255087
250,12911750.4789741,4846257.70824562
251,12911764.059952,4846272.77368283
252,12911778.5314858,4846286.39054024
253,12911781.0918341,4846288.27372414
254,12911784.4314188,4846289.72232739
255,12911789.9973934,4846290.4466291
256,12911803.5783712,4846292.04009303
257,12911843.4307489,4846290.88121014
258,12911856.2324904,4846288.99802573
259,12911874.9341648,4846285.37651829
260,12911881.7246538,4846281.32043155
261,12911892.7452834,4846271.03536197
262,12911893.5245198,4846268.71760131
263,12911893.5245198,4846265.82040124
264,12911892.7452834,4846263.93722165
265,12911891.075491,4846262.48862222
266,12911879.9435419,4846255.53534794
267,12911865.5833276,4846250.03067596
268,12911858.7928387,4846249.30637723
269,12911846.8816532,4846251.47927356
270,12911828.1799787,4846258.86712459
271,12911814.5990008,4846261.76432259
272,12911801.0180229,4846263.21292191
273,12911794.672812,4846262.19890236
274,12911789.9973934,4846259.59142401
275,12911786.1012112,4846254.08674975
276,12911775.9711375,4846229.02603499
277,12911775.0805816,4846222.36250312
278,12911770.8504409,4846202.51679377
279,12911767.3995367,4846183.25055966
280,12911760.6090478,4846164.85351432
281,12911752.1487665,4846154.56856703
282,12911746.2488335,4846150.07795963
283,12911733.447092,4846145.29763789
284,12911728.437715,4846146.45650354
285,12911718.1963218,4846153.11998376
286,12911708.8454846,4846164.12922191
287,12911703.724788,4846168.61983575
288,12911679.1231805,4846202.80651186
289,12911671.4421357,4846212.07749544
290,12911666.4327586,4846214.97467961
291,12911661.312062,4846214.97467961
292,12911648.1763621,4846210.91862201
293,12911635.3746206,4846207.29714344
294,12911625.244547,4846206.5728479
295,12911618.0087801,4846206.13827058
296,12911604.4278022,4846204.6896797
297,12911599.3071056,4846202.08221664
298,12911592.0713387,4846193.24581924
299,12911589.5109904,4846188.75519411
300,12911585.7261277,4846180.35338488
301,12911581.4959871,4846160.79747748
302,12911575.4847346,4846145.29763789
303,12911570.809316,4846139.79302785
304,12911563.5735491,4846135.01271113
305,12911534.296523,4846121.83063768
306,12911527.951312,4846118.06433425
307,12911519.4910307,4846104.15799563
308,12911514.8156121,4846091.98996554
309,12911507.5798452,4846079.82195055
310,12911489.7687267,4846063.8876681
311,12911473.6274005,4846045.49084695
312,12911441.7900262,4846013.0429946
313,12911431.103355,4846004.64133608
314,12911419.6374475,4845997.97795685
315,12911395.9263959,4845988.41746414
316,12911367.8738843,4845979.14669223
317,12911347.9476954,4845970.02078471
318,12911336.8157463,4845959.01176474
319,12911334.700676,4845955.2455239
320,12911333.4761616,4845950.46529721
321,12911335.5912319,4845941.62912679
322,12911339.3760946,4845936.12463121
323,12911346.1665836,4845933.22752951
324,12911378.0039579,4845933.22752951
325,12911393.8113256,4845937.138617
326,12911414.1827924,4845957.41835497
327,12911426.8732144,4845970.74506277
328,12911440.0089143,4845979.58125947
329,12911502.0138707,4846011.30471984
330,12911516.0401265,4846015.36069478
331,12911551.7736831,4846020.14095313
332,12911567.9150092,4846024.19693173
333,12911589.9562684,4846028.54262495
334,12911597.9712717,4846031.15004182
335,12911612.8880835,4846039.2620098
336,12911653.6310171,4846068.66795011
337,12911660.866784,4846070.98566344
338,12911665.0969247,4846070.98566344
339,12911674.8930399,4846069.39223547
340,12911683.3533212,4846067.94366481
341,12911715.1906955,4846060.55595777
342,12911733.89237,4846052.44397213
343,12911736.8979962,4846050.27111998
344,12911739.4583445,4846047.66369803
345,12911741.1281369,4846037.08916058
346,12911740.6828589,4846034.04717246
347,12911739.9036225,4846031.8743244
348,12911737.3432742,4846030.42575927
349,12911733.0018141,4846029.26690734
350,12911728.437715,4846029.26690734
351,12911714.7454176,4846031.8743244
352,12911684.6891551,4846041.1451462
353,12911661.312062,4846040.71057623
354,12911652.8517807,4846038.82743992
355,12911643.0556655,4846033.32288972
356,12911623.0181572,4846019.70638408
357,12911593.7411311,4845993.63227719
358,12911557.6736161,4845965.24055083
359,12911541.9775679,4845955.68009008
360,12911493.1083114,4845932.35839917
361,12911484.6480301,4845925.83992407
362,12911479.9726115,4845919.90087275
363,12911468.9519819,4845897.01383059
364,12911457.4860744,4845886.43945577
365,12911430.3241186,4845876.73421768
366,12911418.8582111,4845872.3885918
367,12911410.2866103,4845869.05694661
368,12911395.9263959,4845859.78628765
369,12911381.4548621,4845843.70750935
370,12911368.3191622,4845832.26407061
371,12911363.6437436,4845829.2221461
372,12911356.8532547,4845826.75963648
373,12911347.5024175,4845822.26917935
374,12911341.9364429,4845822.26917935
375,12911334.2553981,4845825.89051559
376,12911329.246021,4845831.82950991
377,12911323.2347685,4845843.70750935
378,12911317.3348354,4845876.44450922
379,12911315.9990016,4845880.50042833
380,12911312.2141389,4845885.28062086
381,12911282.9371128,4845900.78004905
382,12911265.9052307,4845906.57423412
383,12911208.2417345,4845928.01274861
384,12911204.3455523,4845930.90984877
385,12911202.230482,4845933.51723965
386,12911200.1154116,4845936.84890677
387,12911199.2248557,4845940.47028536
388,12911199.2248557,4845944.52623098
389,12911197.5550634,4845986.53433789
390,12911198.0003413,4845991.31458216
391,12911199.2248557,4845995.08083687
392,12911201.339926,4845999.8610853
393,12911204.3455523,4846003.48248719
394,12911253.2148088,4846070.55109216
395,12911254.1053647,4846072.72394881
396,12911254.4393231,4846074.60709162
397,12911254.4393231,4846076.49023481
