11938273.170758,2075981.128808,12707128.846442,2844836.804492
0,11945810.9715,2377198.1415
1,11948347.5484,2377265.6735
2,11949896.6722,2377752.8757
3,11951001.8951,2378375.1638
4,11952849.9725,2379841.7287
5,11952849.9725,2380584.7066
6,11951744.7498,2381356.6652
7,11951300.8487,2382789.7038
8,11951065.3095,2384555.8324
9,11950630.4677,2386322.14
10,11951654.1577,2386582.758
11,11952088.9995,2386992.9978
12,11951962.1706,2387659.0547
13,11951328.0264,2388682.3222
14,11952985.8606,2390347.674
15,11953746.8337,2393152.5833
16,11954426.2739,2398473.9824
17,11953447.88,2398039.3243
18,11952451.3676,2398116.5961
19,11951491.092,2398589.8932
20,11950630.4677,2399285.3736
21,11951137.7831,2400661.9277
22,11951328.0264,2404956.5129
23,11951799.1049,2405951.8108
24,11952469.4859,2406633.0912
25,11952741.2621,2407299.9025
26,11952088.9995,2408203.521
27,11952088.9995,2409010.5359
28,11954779.5828,2409846.585
29,11958339.8497,2409749.9299
30,11960514.0585,2410706.8396
31,11960514.0585,2411446.3062
32,11957497.3439,2413186.3526
33,11956718.2524,2413954.9289
34,11957415.811,2415579.203
35,11961383.742,2414607.5207
36,11962036.0047,2414351.3151
37,11962579.5569,2413273.3596
38,11963748.1942,2412611.1511
39,11964817.1801,2412330.8078
40,11965079.897,2412330.8078
41,11967344.6978,2411982.8018
42,11969808.8012,2412026.3022
43,11971013.6753,2412403.31
44,11969645.7355,2413070.344
45,11969645.7355,2413954.9289
46,11970053.3997,2414931.4087
47,11969736.3275,2416260.8637
48,11969292.4266,2417435.7038
49,11969328.6634,2417938.5405
50,11970760.0176,2417561.4116
51,11971339.8065,2416608.9561
52,11971584.4051,2415327.8173
53,11972064.5428,2413954.9289
54,11972861.7527,2412707.8223
55,11973776.7322,2411939.3015
56,11975054.08,2411547.804
57,11976929.3351,2411446.3062
58,11977889.6106,2412026.3022
59,11978369.7484,2413418.3721
60,11978886.123,2416391.3975
61,11980661.7269,2415820.9235
62,11981178.1013,2415579.203
63,11981005.9766,2416110.9928
64,11980951.6213,2416198.0145
65,11980797.6149,2416178.6762
66,11980353.714,2416391.3975
67,11981957.1928,2417087.5947
68,11982690.9883,2417193.9606
69,11981748.8313,2418035.2415
70,11981449.8775,2418644.4707
71,11981776.0088,2419132.8366
72,11982690.9883,2419630.8874
73,11982690.9883,2420520.6451
74,11982183.673,2420931.69
75,11982120.2585,2421134.7981
76,11982129.3177,2421410.4487
77,11981875.6601,2422063.3231
78,11983569.731,2421304.0568
79,11985037.322,2421449.1369
80,11985707.7031,2422324.4798
81,11984973.9076,2423760.9125
82,11984973.9076,2424500.9399
83,11985327.2165,2424863.7101
84,11985662.4071,2425386.1125
85,11986495.8538,2425386.1125
86,11987347.4188,2424442.8974
87,11988896.5427,2423862.4831
88,11990391.3112,2423925.3603
89,11991043.5738,2424941.1021
90,11991496.534,2425347.4156
91,11992483.9871,2425458.6697
92,11994513.2487,2425386.1125
93,11996370.3854,2428636.9742
94,11995627.5308,2429372.3737
95,11995989.8989,2430088.4508
96,11996633.1023,2430678.753
97,11997529.9635,2431017.4603
98,11998725.7783,2430998.1053
99,11998454.0022,2431772.3175
100,11998136.93,2433466.0286
101,11997892.3316,2434240.3523
102,11999414.2778,2433582.1749
103,11998970.3768,2435285.745
104,11998055.3973,2436311.8406
105,11996714.6352,2436766.8272
106,11994920.9129,2436752.3062
107,11994920.9129,2437565.5033
108,11996551.5695,2438349.6942
109,11998399.647,2438838.6215
110,11999821.9419,2438262.5601
111,12000247.7245,2435866.5462
112,12001008.6976,2436752.3062
113,12001688.1378,2435126.028
114,12002530.6438,2435126.028
115,12002349.4596,2436689.3818
116,12002177.3347,2437057.2506
117,12001688.1378,2437565.5033
118,12001688.1378,2438378.739
119,12002530.6438,2439119.398
120,12003210.0839,2439119.398
121,12003128.5511,2437013.6867
122,12003454.6825,2435343.8242
123,12004242.8331,2434559.7711
124,12005574.5361,2435126.028
125,12006471.3971,2438436.8287
126,12007232.3703,2439540.5714
127,12007857.4553,2437565.5033
128,12008600.3099,2437565.5033
129,12009442.8158,2438625.6217
130,12009569.6447,2439129.0801
131,12009361.2831,2440000.4853
132,12011010.0581,2439700.3297
133,12012450.4714,2439100.034
134,12013456.043,2438030.2047
135,12013845.5887,2436311.8406
136,12013981.4768,2435939.1478
137,12014271.3713,2435459.9832
138,12014552.2066,2434821.1182
139,12014679.0354,2433906.4209
140,12014380.0817,2433485.3863
141,12013736.8782,2432948.2191
142,12013184.2669,2432169.1149
143,12013157.0892,2430998.1053
144,12014679.0354,2429120.7862
145,12016780.7706,2430591.658
146,12019163.3411,2433064.362
147,12021527.7931,2434240.3523
148,12021527.7931,2433582.1749
149,12019462.2948,2431220.6878
150,12018646.9665,2429682.025
151,12018483.9008,2427814.5255
152,12019244.8739,2427814.5255
153,12024354.2645,2432420.7471
154,12027316.6241,2433761.2354
155,12031474.7984,2434240.3523
156,12031474.7984,2435126.028
157,12029300.5896,2435489.0232
158,12027805.8211,2435130.8679
159,12026537.5326,2434545.252
160,12024979.3496,2434240.3523
161,12024028.1333,2435043.7502
162,12023756.3572,2436723.2642
163,12024580.7447,2438199.6301
164,12026908.9599,2438378.739
165,12025550.0794,2438722.4396
166,12021527.7931,2441704.6952
167,12022759.8448,2442401.921
168,12024408.6198,2442518.1281
169,12026066.454,2442121.0906
170,12028838.5703,2440232.8676
171,12030414.8716,2440295.8049
172,12031076.1935,2441356.0929
173,12029880.3786,2443321.9154
174,12031239.2592,2443467.1822
175,12032833.6789,2442924.8591
176,12034283.1515,2442973.2801
177,12035279.6639,2444881.1769
178,12035968.1632,2443835.1969
179,12036783.4916,2443409.0752
180,12037236.4518,2443723.8231
181,12036801.61,2444881.1769
182,12037562.5831,2445685.0755
183,12040090.1008,2444455.0292
184,12042137.4807,2444958.6595
185,12045915.1685,2448198.7142
186,12045226.6691,2448198.7142
187,12045226.6691,2448939.7999
188,12045752.1028,2449772.9544
189,12045752.1028,2450693.3468
190,12045290.0835,2451536.2763
191,12044465.696,2452195.1467
192,12044873.3601,2452442.2298
193,12045444.0899,2452912.1819
194,12045915.1685,2453076.9104
195,12045860.8133,2451831.796
196,12045915.1685,2451453.9192
197,12046648.964,2452059.4948
198,12049031.5345,2453076.9104
199,12047871.9565,2451662.2348
200,12047754.1869,2450887.12
201,12049412.0211,2449346.6842
202,12050263.5861,2448213.2451
203,12050616.8951,2447283.3
204,12050644.0727,2446479.3259
205,12050553.4807,2445685.0755
206,12049774.3892,2443602.7656
207,12046920.7401,2439438.908
208,12045915.1685,2437565.5033
209,12045996.7014,2436021.4299
210,12047708.8908,2436897.5171
211,12051296.3354,2440000.4853
212,12052464.9726,2440542.7155
213,12053434.3073,2440717.0073
214,12054095.6291,2441268.9435
215,12054340.2277,2442881.2803
216,12054738.8326,2443564.0274
217,12056695.6205,2445239.5367
218,12057456.5937,2445685.0755
219,12057456.5937,2446571.3451
220,12056913.0414,2446527.757
221,12055173.6744,2446571.3451
222,12055526.9833,2447777.3269
223,12055989.0027,2448707.299
224,12056614.0877,2449361.2159
225,12057456.5937,2449753.5783
226,12057139.5215,2450218.6119
227,12056623.1469,2451453.9192
228,12058978.5398,2451453.9192
229,12057320.7056,2454016.8628
230,12057166.6991,2457573.648
231,12058299.0995,2460903.3583
232,12060500.486,2462827.8123
233,12059902.5785,2460568.9037
234,12060092.8218,2459449.2559
235,12065473.9886,2456526.8872
236,12066805.6915,2456517.1953
237,12067403.5989,2457961.3535
238,12067811.2631,2457762.6533
239,12067929.0327,2457762.6533
240,12068110.2168,2457147.1821
241,12068545.0586,2457941.9681
242,12069360.3868,2458940.3495
243,12069686.5182,2459580.12
244,12070039.8271,2458290.9102
245,12069659.3405,2457297.4132
246,12068110.2168,2455518.9564
247,12069641.2222,2455378.4323
248,12074931.7969,2456333.0497
249,12074931.7969,2455518.9564
250,12073654.4492,2455237.9094
251,12072386.1608,2454763.0475
252,12071643.3061,2454045.9342
253,12071896.9638,2453076.9104
254,12070909.5106,2452863.7326
255,12070076.0639,2452505.2123
256,12069396.6236,2452030.4268
257,12068853.0715,2451453.9192
258,12068853.0715,2450635.2154
259,12069523.4525,2450073.2875
260,12070103.2415,2449831.083
261,12070646.7937,2450000.6258
262,12071208.4643,2450635.2154
263,12071896.9638,2450635.2154
264,12071344.3524,2447152.5306
265,12070583.3793,2445849.7342
266,12068853.0715,2445685.0755
267,12069360.3868,2447157.3738
268,12067784.0854,2447874.1966
269,12065990.3632,2447292.9867
270,12065881.6527,2444881.1769
271,12067267.7108,2443060.4382
272,12069260.7356,2442711.8082
273,12074931.7969,2443321.9154
274,12074931.7969,2444067.6314
275,12073826.5741,2444019.2073
276,12073491.3835,2444067.6314
277,12073491.3835,2444881.1769
278,12074506.0144,2445171.7383
279,12074958.9745,2445607.5898
280,12074823.0865,2446285.6029
281,12074098.3501,2447312.36
282,12075022.389,2447903.2577
283,12075774.3028,2448576.5187
284,12077214.7161,2450635.2154
285,12078736.6623,2448939.7999
286,12078736.6623,2448198.7142
287,12076951.9992,2448750.8926
288,12076136.6709,2447787.014
289,12075946.4277,2446396.9934
290,12076073.2565,2445685.0755
291,12077106.0058,2445903.0064
292,12080258.6085,2447312.36
293,12080014.0099,2447748.2662
294,12079497.6354,2448939.7999
295,12080503.207,2449128.7092
296,12081155.4696,2449540.442
297,12081563.1337,2450286.4303
298,12081843.969,2451453.9192
299,12080992.4039,2451555.6545
300,12080503.207,2451773.6605
301,12080095.5428,2452006.2033
302,12079497.6354,2452195.1467
303,12079497.6354,2453076.9104
304,12080774.9831,2452524.5915
305,12082170.1004,2452369.5579
306,12083384.0336,2452970.3212
307,12084063.4739,2454704.902
308,12083601.4545,2454535.3123
309,12082541.5278,2453813.3635
310,12083193.7904,2455712.7846
311,12084534.5524,2456371.817
312,12085449.5319,2457195.6436
313,12084824.447,2459580.12
314,12084063.4739,2459580.12
315,12082867.659,2457825.6556
316,12082541.5278,2457147.1821
317,12082459.9949,2457849.8873
318,12082296.9292,2458009.8173
319,12081843.969,2457961.3535
320,12081617.4889,2457355.5675
321,12081273.2392,2457093.8747
322,12080838.3974,2456846.7239
323,12080258.6085,2456333.0497
324,12080476.0293,2457437.9531
325,12080158.9573,2458475.077
326,12080258.6085,2459580.12
327,12080557.5622,2460026.035
328,12081055.8183,2460394.4083
329,12081563.1337,2460966.3722
330,12081843.969,2462023.1022
331,12080403.5557,2461257.2087
332,12079615.405,2459773.9946
333,12078736.6623,2456333.0497
334,12078419.5902,2457268.336
335,12078256.5245,2457408.8758
336,12078328.9982,2457413.7221
337,12078736.6623,2457961.3535
338,12078736.6623,2458765.8709
339,12077758.2684,2458911.2697
340,12076653.0455,2459425.022
341,12075692.77,2459580.12
342,12075692.77,2460394.4083
343,12077477.433,2460394.4083
344,12077758.2684,2460321.7024
345,12077903.2156,2460394.4083
346,12077613.3211,2460423.4907
347,12077486.4922,2460452.5732
348,12077241.8938,2460787.0255
349,12077214.7161,2461281.4454
350,12078736.6623,2461281.4454
351,12078736.6623,2462023.1022
352,12077821.6828,2462837.5078
353,12076698.3415,2463550.1449
354,12075430.0531,2464131.9117
355,12074098.3501,2464539.1604
356,12074877.4416,2464883.3901
357,12075484.4083,2465033.6897
358,12076181.9669,2464946.4188
359,12077214.7161,2464539.1604
360,12077196.5978,2466628.888
361,12077731.0907,2467884.7882
362,12078383.3534,2468888.6056
363,12078736.6623,2470227.1217
364,12078492.0638,2471381.4345
365,12077839.8011,2472744.4012
366,12076861.4072,2473428.3513
367,12075692.77,2472598.8835
368,12075502.5267,2473064.5446
369,12075257.9282,2473389.5448
370,12075049.5665,2473758.2094
371,12074931.7969,2474301.5192
372,12076109.4934,2474228.7535
373,12076453.7431,2474301.5192
374,12074777.7904,2475596.8017
375,12073228.6666,2477484.1144
376,12072458.6344,2479512.362
377,12073409.8508,2482200.8948
378,12073491.3835,2485700.5136
379,12073790.3372,2486807.341
380,12074234.2382,2487686.0585
381,12074850.2641,2488394.8917
382,12075692.77,2488962.951
383,12073790.3372,2482055.2954
384,12074062.1134,2479177.5387
385,12077214.7161,2478376.9014
386,12075756.1843,2479585.1506
387,12076480.9207,2480861.4276
388,12078356.1757,2481899.9906
389,12080258.6085,2482438.7099
390,12079878.1219,2482987.1534
391,12079633.5235,2483414.2723
392,12079361.7473,2483783.1565
393,12078736.6623,2484142.3409
394,12078736.6623,2484885.0034
395,12080557.5622,2484394.7453
396,12081019.5816,2484142.3409
397,12082360.3436,2485321.8789
398,12083248.1456,2486433.5359
399,12083791.6977,2487821.9968
400,12084063.4739,2489773.8038
401,12084661.3813,2488671.6362
402,12084824.447,2488220.1081
403,12085639.7753,2488220.1081
404,12085666.9528,2488598.8082
405,12085621.6568,2489385.3665
406,12085639.7753,2489773.8038
407,12086328.2748,2489773.8038
408,12086382.6299,2487821.9968
409,12085612.5976,2486909.2892
410,12084634.2037,2486414.1176
411,12084063.4739,2485700.5136
412,12084145.0067,2484040.4093
413,12084878.8021,2483055.1034
414,12085993.0842,2482802.7191
415,12087161.7214,2483336.6135
416,12086735.9389,2483516.2
417,12086400.7483,2483589.0059
418,12086056.4986,2483744.3261
419,12085639.7753,2484142.3409
420,12087025.8334,2483807.4254
421,12087442.5567,2483656.9583
422,12087922.6945,2483336.6135
423,12088149.1745,2483938.4785
424,12088439.0691,2484404.4533
425,12088638.3716,2484928.6903
426,12088683.6676,2485700.5136
427,12091809.0928,2483142.4681
428,12093249.5061,2482438.7099
429,12093249.5061,2481705.8618
430,12091754.7375,2480143.2066
431,12089363.1078,2475320.2724
432,12087542.208,2474301.5192
433,12086110.8539,2473195.5141
434,12085893.433,2470998.2714
435,12087134.5438,2469441.4581
436,12090133.1401,2470227.1217
437,12089018.8581,2467681.1223
438,12088602.1348,2466284.6227
439,12088683.6676,2464539.1604
440,12092488.533,2465280.9599
441,12092542.8883,2466434.9348
442,12092080.8689,2467831.4469
443,12090966.5868,2470227.1217
444,12091727.5599,2470227.1217
445,12091890.6256,2469703.342
446,12092488.533,2468607.3368
447,12093249.5061,2468607.3368
448,12093711.5254,2469877.9333
449,12093992.3608,2471294.1308
450,12094092.012,2472788.0568
451,12094010.4791,2474301.5192
452,12094771.4523,2474301.5192
453,12094834.8666,2473355.5893
454,12095532.4253,2471051.6228
455,12095994.4447,2471827.6605
456,12096755.4177,2472802.6086
457,12097054.3715,2473486.561
458,12097869.6998,2473486.561
459,12097434.858,2471429.9368
460,12096510.8193,2470139.8239
461,12095487.1293,2469072.8878
462,12094771.4523,2467715.0665
463,12094454.3801,2465872.4834
464,12095151.9388,2465707.6306
465,12096574.2337,2465930.6673
466,12098558.1993,2465280.9599
467,12098558.1993,2464539.1604
468,12096755.4177,2463904.0507
469,12095840.4382,2463710.1288
470,12094771.4523,2463724.6728
471,12095342.1821,2462556.3395
472,12097597.9237,2461586.8295
473,12098558.1993,2460394.4083
474,12099772.1325,2461199.0411
475,12100478.7503,2462430.3
476,12101674.5652,2465280.9599
477,12102417.4199,2464893.0868
478,12103196.5114,2465280.9599
479,12103178.3929,2463293.2043
480,12102145.6437,2460840.3446
481,12101837.6308,2458373.3004
482,12103957.4844,2456333.0497
483,12104718.4576,2456333.0497
484,12104908.7008,2457370.1062
485,12105153.2993,2457864.4263
486,12106167.9301,2458765.8709
487,12106167.9301,2453813.3635
488,12105479.4306,2453813.3635
489,12104917.76,2455005.3223
490,12104120.5501,2455276.6743
491,12101674.5652,2454704.902
492,12101674.5652,2453813.3635
493,12103495.465,2453173.8103
494,12103912.1884,2451352.1846
495,12104156.787,2449361.2159
496,12105479.4306,2448198.7142
497,12104718.4576,2449753.5783
498,12105542.845,2450257.3653
499,12107418.1002,2450291.2745
500,12108523.3229,2450635.2154
501,12109121.2304,2451264.984
502,12109565.1313,2452069.1843
503,12110153.9796,2452776.5243
504,12111168.6103,2453076.9104
505,12113279.4046,2452359.8684
506,12115344.9031,2451177.7839
507,12117120.5069,2450935.5636
508,12118397.8546,2453076.9104
509,12117328.8686,2453319.1613
510,12116278.001,2453367.6118
511,12113904.4897,2453076.9104
512,12115861.2777,2455945.3813
513,12115381.1399,2458053.4349
514,12113415.2928,2459715.832
515,12110788.1238,2461281.4454
516,12110788.1238,2462023.1022
517,12111549.0969,2462023.1022
518,12111549.0969,2462827.8123
519,12109284.2961,2462827.8123
520,12109664.7825,2463021.724
521,12110045.2691,2463070.2023
522,12110425.7557,2463225.3338
523,12110788.1238,2463724.6728
524,12110099.6243,2464539.1604
525,12110760.9461,2464330.6866
526,12111023.6631,2464277.3565
527,12111186.7287,2464156.1524
528,12111549.0969,2463724.6728
529,12111621.5704,2465091.8707
530,12111404.1496,2465503.9909
531,12110788.1238,2466163.4043
532,12112219.4779,2466716.1676
533,12112907.9774,2465998.5485
534,12113125.3982,2464650.6706
535,12113143.5166,2463283.5085
536,12113415.2928,2461703.1678
537,12114022.2593,2461543.2028
538,12114783.2324,2462139.4434
539,12115426.4359,2462827.8123
540,12116404.8298,2465116.1127
541,12116296.1194,2467860.5421
542,12115190.8966,2469742.1398
543,12113143.5166,2469422.0595
544,12113333.7599,2470358.0692
545,12113369.9967,2470877.0192
546,12113496.8255,2471260.1794
547,12113904.4897,2471784.0075
548,12110326.1043,2472972.3815
549,12109284.2961,2473486.561
550,12111712.1625,2473855.2277
551,12116105.8761,2473049.9924
552,12118397.8546,2473486.561
553,12117709.3551,2472642.5387
554,12117202.0398,2471730.6539
555,12117111.4478,2470678.1674
556,12117709.3551,2469422.0595
557,12118044.5457,2470154.3735
558,12119294.7157,2471784.0075
559,12119992.2744,2471784.0075
560,12119013.8804,2468587.9391
561,12118397.8546,2467715.0665
562,12118397.8546,2466900.426
563,12119294.7157,2466163.4043
564,12119992.2744,2466163.4043
565,12120535.8265,2467041.0457
566,12121169.9708,2467753.8599
567,12122003.4175,2468277.5792
568,12123036.1667,2468607.3368
569,12122411.0816,2466900.426
570,12123172.0548,2467230.1567
571,12124567.1721,2467419.27
572,12125373.4412,2467715.0665
573,12125183.1979,2467244.7039
574,12124539.9944,2466163.4043
575,12121133.734,2465760.9651
576,12119992.2744,2465280.9599
577,12119349.0709,2464796.1199
578,12119068.2357,2464684.6087
579,12118850.8148,2464485.8297
580,12118397.8546,2463724.6728
581,12118714.9267,2463550.1449
582,12119294.7157,2460394.4083
583,12118959.5252,2459773.9946
584,12118280.0849,2459502.5707
585,12117709.3551,2459071.2097
586,12117709.3551,2457961.3535
587,12117935.8352,2457777.1923
588,12119294.7157,2456333.0497
589,12119965.0967,2456197.3647
590,12121758.819,2456497.8115
591,12122411.0816,2456333.0497
592,12122882.1602,2455606.1788
593,12123416.6533,2453895.732
594,12125002.0138,2450465.6662
595,12125808.283,2449637.3218
596,12127656.3604,2448939.7999
597,12129259.8394,2448629.7994
598,12130510.0095,2448600.7371
599,12132983.172,2448939.7999
600,12135356.6832,2449676.0739
601,12139215.9039,2452238.7493
602,12141254.2247,2453076.9104
603,12141254.2247,2452195.1467
604,12139913.4626,2450470.5104
605,12139369.9103,2449521.0662
606,12138989.4238,2448198.7142
607,12140130.8834,2449220.7428
608,12140511.37,2449753.5783
609,12141254.2247,2449753.5783
610,12141580.3559,2448111.5299
611,12142468.1579,2447486.7211
612,12143555.2623,2447791.8574
613,12144379.6498,2448939.7999
614,12145077.2085,2448939.7999
615,12145756.6487,2447602.9629
616,12146744.1019,2446721.4829
617,12147668.1406,2446769.9146
618,12148175.456,2448198.7142
619,12148936.429,2448198.7142
620,12149643.047,2442305.0824
621,12149697.4022,2437158.8999
622,12148610.2978,2435459.9832
623,12146055.6024,2434704.9634
624,12143011.7101,2434283.9091
625,12140511.37,2433582.1749
626,12138690.4701,2431932.0031
627,12138255.6284,2430030.3893
628,12139406.1471,2428472.4814
629,12142440.9803,2427814.5255
630,12144560.8339,2427050.1672
631,12149262.5604,2424244.587
632,12151219.3483,2424500.9399
633,12150404.02,2425240.9991
634,12149923.8822,2426189.0956
635,12149887.6454,2427330.7504
636,12150458.3752,2428636.9742
637,12151309.9404,2426851.8267
638,12152967.7746,2426140.7221
639,12157714.7971,2426126.2099
640,12158285.5269,2429894.9135
641,12159100.8552,2432643.348
642,12160405.3805,2434240.3523
643,12160224.1965,2431031.9764
644,12160405.3805,2427814.5255
645,12161093.88,2427814.5255
646,12161392.8337,2428366.0457
647,12161682.7283,2428607.946
648,12162072.2739,2428849.8498
649,12162615.8261,2429372.3737
650,12164726.6206,2428453.1294
651,12167100.1318,2429198.1974
652,12168948.2093,2431075.525
653,12169537.0575,2433582.1749
654,12171140.5365,2430969.0731
655,12172091.7529,2430417.4692
656,12181069.4233,2430281.9903
657,12182609.488,2430601.3352
658,12183270.8098,2431438.4343
659,12183615.0595,2432391.7124
660,12184430.3879,2433785.4329
661,12185463.137,2435111.5084
662,12186387.1758,2435866.5462
663,12185907.038,2434859.8365
664,12185680.5578,2433911.2605
665,12185798.3275,2432953.0584
666,12186387.1758,2431878.7744
667,12187909.1219,2432890.148
668,12192909.8022,2434951.7931
669,12193996.9066,2436311.8406
670,12194304.9195,2436926.5594
671,12195826.8657,2438509.4412
672,12196261.7074,2439119.398
673,12196415.7138,2440339.3771
674,12196261.7074,2444067.6314
675,12196714.6675,2444600.3056
676,12197394.1078,2445016.7716
677,12197584.3511,2445670.547
678,12194295.8603,2450175.0145
679,12193996.9066,2451046.9846
680,12192810.1509,2452093.4077
681,12185553.729,2454704.902
682,12185553.729,2455518.9564
683,12187782.2931,2454753.3565
684,12190192.0411,2454709.7474
685,12191822.6978,2455674.0187
686,12191695.8689,2457961.3535
687,12190980.1918,2457689.9587
688,12189403.8905,2457389.4909
689,12188670.095,2457147.1821
690,12188670.095,2457961.3535
691,12189032.4631,2457966.1999
692,12189820.6139,2457908.0435
693,12190173.9228,2457961.3535
694,12189847.7914,2458368.4539
695,12189594.1337,2458785.2573
696,12189268.0024,2459202.0709
697,12188670.095,2459580.12
698,12197022.6804,2466900.426
699,12197212.9238,2465785.2081
700,12197828.9496,2465193.6877
701,12198762.0475,2465057.9318
702,12200003.1584,2465280.9599
703,12200003.1584,2464539.1604
704,12198562.7451,2463608.3207
705,12197040.7989,2462129.7483
706,12196252.6482,2460617.3749
707,12197022.6804,2459580.12
708,12196633.1347,2458707.7117
709,12196261.7074,2456333.0497
710,12197212.9238,2455761.242
711,12197937.66,2454913.2575
712,12198381.5609,2453852.1251
713,12198544.6266,2452631.1781
714,12198979.4684,2451516.8981
715,12200003.1584,2451914.1547
716,12202340.4329,2453813.3635
717,12200954.3748,2450296.1188
718,12201171.7956,2449753.5783
719,12201824.0583,2449215.8989
720,12202123.012,2447990.4411
721,12202041.4792,2446629.4628
722,12201506.9861,2445685.0755
723,12201506.9861,2444881.1769
724,12202376.6696,2444358.1789
725,12203101.4059,2444014.3648
726,12203835.2014,2443898.1476
727,12204623.3521,2444067.6314
728,12203427.5373,2446106.4111
729,12204759.2401,2448038.8765
730,12207159.929,2449622.7898
731,12209189.1906,2450635.2154
732,12209297.9011,2449666.3859
733,12209162.0129,2449041.5202
734,12208817.7632,2448605.5808
735,12208428.2175,2448198.7142
736,12208600.3423,2447443.1307
737,12208781.5265,2445714.1329
738,12209189.1906,2444881.1769
739,12208210.7967,2443041.0696
740,12207286.7578,2439283.9934
741,12206145.2982,2438378.739
742,12212704.1615,2433959.6559
743,12216364.0796,2432856.2733
744,12218375.2227,2435126.028
745,12219063.7222,2435126.028
746,12219063.7222,2434240.3523
747,12219897.1689,2434240.3523
748,12219897.1689,2435126.028
749,12218456.7556,2437328.3168
750,12217070.6975,2441327.0432
751,12217097.8751,2444823.0653
752,12217097.8751,2444861.8064
753,12219897.1689,2445685.0755
754,12219897.1689,2444881.1769
755,12219000.3078,2443486.5511
756,12219552.9192,2442082.3557
757,12221020.5101,2441462.6096
758,12222941.0612,2442440.6567
759,12222777.9957,2435779.4248
760,12223185.6598,2432774.0065
761,12224463.0074,2430998.1053
762,12225223.9805,2430998.1053
763,12225522.9343,2431786.8343
764,12225876.2432,2432440.1036
765,12226800.2819,2433582.1749
766,12226800.2819,2434240.3523
767,12225966.8352,2434240.3523
768,12225966.8352,2435126.028
769,12227488.7814,2436752.3062
770,12229445.5693,2433901.5814
771,12232561.9353,2433746.7169
772,12236013.4917,2434685.6044
773,12238957.7328,2435126.028
774,12238957.7328,2434240.3523
775,12237046.2409,2433543.4594
776,12236747.2872,2431786.8343
777,12237734.7403,2430451.3392
778,12239718.7059,2430998.1053
779,12238522.8911,2428477.3194
780,12235968.1957,2425695.6919
781,12234545.9007,2422948.3702
782,12236692.932,2420520.6451
783,12236692.932,2419630.8874
784,12227488.7814,2418818.5401
785,12224689.4875,2419011.9526
786,12223702.0344,2418818.5401
787,12223321.5478,2418117.4379
788,12223267.1926,2417068.2554
789,12222859.5284,2416081.9856
790,12221419.1151,2415579.203
791,12221473.4704,2416913.5427
792,12221065.8062,2417909.5303
793,12220250.4778,2418547.7662
794,12219063.7222,2418818.5401
795,12219978.7018,2414389.9874
796,12219933.4057,2412137.4703
797,12219063.7222,2410706.8396
798,12219063.7222,2409894.9128
799,12219571.0376,2408764.0782
800,12219897.1689,2402125.5418
801,12219217.7287,2400835.8158
802,12217858.8481,2399459.2481
803,12216943.8686,2397884.7818
804,12217541.7761,2396040.0367
805,12215802.409,2396619.5166
806,12214905.5478,2397672.288
807,12213999.6276,2398329.0952
808,12212233.0829,2397739.8994
809,12211290.9257,2396749.9023
810,12209143.8946,2392998.0842
811,12208428.2175,2391187.651
812,12210140.4069,2389213.2867
813,12211743.8859,2386413.8385
814,12212840.0495,2383354.2664
815,12213048.4112,2380584.7066
816,12212695.1023,2380825.94
817,12211834.478,2381144.3732
818,12211472.1099,2381385.6143
819,12209596.8547,2375915.0846
820,12209406.6115,2373474.6418
821,12210774.5511,2371680.6993
822,12207431.7052,2367987.2991
823,12207920.9021,2362463.1147
824,12210575.2487,2357070.7552
825,12213736.9107,2353809.155
826,12212504.859,2356651.5793
827,12212233.0829,2357856.1347
828,12213293.0097,2356868.3932
829,12214905.5478,2354671.4693
830,12216092.3036,2353809.155
831,12215258.8569,2359398.0859
832,12215956.4155,2360622.1056
833,12216798.9214,2360891.9797
834,12217650.4866,2360424.5219
835,12218375.2227,2359398.0859
836,12218375.2227,2358665.6422
837,12217541.7761,2358665.6422
838,12217541.7761,2357856.1347
839,12219897.1689,2355427.8354
840,12219897.1689,2354551.0318
841,12218456.7556,2353804.3377
842,12218221.2163,2352026.8513
843,12218810.0645,2350105.0552
844,12219897.1689,2348963.6361
845,12218030.973,2346926.603
846,12218456.7556,2344591.2863
847,12221419.1151,2339998.5924
848,12222180.0882,2339998.5924
849,12222995.4165,2341789.3126
850,12224435.8299,2342044.4568
851,12226157.0784,2341981.8739
852,12228974.4907,2343402.0784
853,12229608.635,2342877.3115
854,12229771.7006,2342010.7584
855,12229418.3916,2341548.6139
856,12228902.017,2341264.5937
857,12228322.2281,2340605.1064
858,12227805.8534,2339825.3065
859,12227488.7814,2339199.566
860,12226999.5844,2339762.7315
861,12226292.9665,2340297.0333
862,12225966.8352,2340807.2824
863,12224299.9418,2339214.0059
864,12223538.9687,2338621.9788
865,12222560.5748,2338390.9493
866,12221237.931,2338631.6052
867,12220630.9644,2339098.4869
868,12220114.5898,2339411.3526
869,12219063.7222,2339199.566
870,12217487.4209,2337938.5252
871,12217342.4736,2336369.5688
872,12217505.5392,2334589.0194
873,12216853.2766,2332741.2864
874,12220196.1226,2332924.1264
875,12223104.1269,2331143.9219
876,12224979.382,2327930.382
877,12225223.9805,2323856.5618
878,12225966.8352,2323856.5618
879,12227488.7814,2328704.8499
880,12228249.7544,2328704.8499
881,12227914.5639,2326987.597
882,12227751.4983,2324145.1134
883,12227488.7814,2322976.5079
884,12227053.9396,2322644.6955
885,12226419.7953,2322668.7397
886,12225740.3551,2322457.1521
887,12225223.9805,2321432.9115
888,12225060.9148,2320177.9362
889,12225341.7501,2319355.7588
890,12225939.6575,2318754.7758
891,12226800.2819,2318139.3902
892,12228412.8201,2317509.6033
893,12232099.9159,2317134.6262
894,12233576.566,2316524.1035
895,12234337.539,2315533.851
896,12235071.3345,2313995.7033
897,12235660.1828,2312323.1176
898,12235931.9589,2310876.5528
899,12237019.0633,2312073.2043
900,12237345.1946,2314019.7359
901,12237453.905,2318139.3902
902,12238187.7005,2316177.9896
903,12238377.9437,2314312.9355
904,12238867.1408,2312755.6679
905,12240479.679,2311683.9234
906,12240524.975,2312664.3508
907,12240742.3959,2313414.1256
908,12241023.2311,2314091.8337
909,12241240.652,2314832.0547
910,12242055.9804,2313212.2601
911,12243360.5056,2311871.3539
912,12246232.2731,2309631.9276
913,12246866.4173,2307762.7494
914,12245824.609,2305730.4188
915,12244302.6628,2303813.6083
916,12243523.5713,2302300.4811
917,12243188.3808,2299870.1368
918,12242345.8749,2300235.1478
919,12240479.679,2303549.4024
920,12239111.7392,2305086.6552
921,12235669.242,2307791.5784
922,12234410.0127,2309261.9206
923,12233576.566,2309261.9206
924,12233322.9083,2308007.7976
925,12232679.7048,2307248.6393
926,12231665.0741,2306873.8768
927,12230197.4831,2306777.7851
928,12229871.3519,2306335.7698
929,12232888.0665,2303549.4024
930,12231130.5811,2302790.4322
931,12232426.0471,2301618.4147
932,12235931.9589,2299956.5861
933,12236176.5574,2298770.3456
934,12237209.3065,2296897.4931
935,12237453.905,2295889.1146
936,12237191.1881,2293147.5703
937,12236692.932,2290651.2543
938,12236430.215,2290209.6342
939,12235931.9589,2289062.4326
940,12235633.0051,2287708.9242
941,12235931.9589,2286629.0698
942,12236783.524,2286504.2908
943,12237789.0956,2287195.3854
944,12238622.5423,2288107.2868
945,12238957.7328,2288606.4521
946,12239682.469,2290502.4464
947,12241340.3032,2291539.3272
948,12244284.5444,2292197.0093
949,12244193.9523,2292014.5841
950,12244610.6757,2291755.3515
951,12245253.8791,2291524.9257
952,12245806.4905,2291467.3196
953,12246458.7532,2291860.9643
954,12247545.8576,2293435.6289
955,12248161.8834,2293877.3278
956,12249357.6983,2293987.7541
957,12250589.7499,2293814.9131
958,12251559.0846,2293358.8129
959,12251948.6304,2292633.8771
960,12252238.5249,2291784.1549
961,12252917.9652,2291164.8911
962,12253787.6487,2290785.6625
963,12254684.5098,2290651.2543
964,12255508.8973,2290315.238
965,12257347.9157,2288241.676
966,12259340.9403,2287651.3304
967,12266044.7509,2288241.676
968,12266425.2373,2288616.0517
969,12266588.303,2289451.225
970,12267032.204,2290276.8366
971,12268300.4924,2290651.2543
972,12271543.6873,2290833.6657
973,12272485.8444,2290651.2543
974,12273681.6592,2290171.233
975,12274714.4084,2289556.8244
976,12276345.065,2288241.676
977,12277876.0704,2289412.8254
978,12280729.7194,2290214.4344
979,12283474.658,2291337.7068
980,12284715.7689,2293474.0371
981,12285449.5644,2294362.2487
982,12287080.221,2294405.4601
983,12289671.1532,2293877.3278
984,12290432.1262,2294395.8576
985,12296184.7204,2301133.2986
986,12298059.9755,2305312.4503
987,12298875.3038,2305970.635
988,12301058.5718,2307094.8896
989,12302517.1035,2309694.3972
990,12304609.7794,2314832.0547
991,12302082.2617,2320697.2256
992,12300270.4211,2323683.433
993,12298449.5212,2325400.3676
994,12297761.0218,2325506.1785
995,12296130.3651,2325361.891
996,12295423.7473,2325400.3676
997,12294454.4125,2325775.5181
998,12292470.447,2326862.5375
999,12290622.3695,2327555.1861
1000,12289390.3178,2328680.7975
1001,12288774.292,2330018.1549
1002,12289335.9626,2331124.6775
1003,12288466.2791,2332284.1946
1004,12287515.0627,2333212.825
1005,12286536.6688,2333280.1887
1006,12285531.0973,2331855.9824
1007,12285531.0973,2334348.4183
1008,12284344.3415,2333540.0224
1009,12282922.0467,2332948.1845
1010,12281427.2781,2332856.7641
1011,12280149.9304,2333540.0224
1012,12281182.6797,2334309.9224
1013,12281699.0543,2335445.5858
1014,12281834.9423,2336841.2037
1015,12281671.8766,2338390.9493
1016,12280910.9035,2338390.9493
1017,12280539.4762,2337567.9309
1018,12280041.22,2336889.3304
1019,12279398.0166,2336359.9437
1020,12278627.9843,2335965.3203
1021,12279524.8455,2339151.433
1022,12281816.8238,2341900.0351
1023,12282713.685,2344100.1867
1024,12279388.9573,2345655.3821
1025,12279443.3126,2346247.644
1026,12279524.8455,2346382.4707
1027,12279724.1479,2346377.6555
1028,12280149.9304,2346536.5596
1029,12279388.9573,2347345.5481
1030,12281046.7916,2348140.1264
1031,12282115.7776,2349079.2196
1032,12282215.4288,2350365.1356
1033,12280910.9035,2352200.2567
1034,12281726.2318,2352850.5423
1035,12282296.9616,2353558.6581
1036,12283193.8228,2355427.8354
1037,12283900.4406,2353240.7251
1038,12283800.7894,2348356.8358
1039,12283954.7958,2346536.5596
1040,12284824.4793,2344870.5451
1041,12286219.5966,2343373.1917
1042,12287841.1941,2342636.5981
1043,12289335.9626,2343233.5735
1044,12290722.0207,2347075.8811
1045,12289970.1069,2351708.9457
1046,12288140.1478,2355957.7928
1047,12286219.5966,2358665.6422
1048,12285866.2877,2357446.5767
1049,12285340.8539,2357128.5735
1050,12284688.5913,2357576.6705
1051,12283954.7958,2358665.6422
1052,12283193.8228,2357856.1347
1053,12282523.4417,2359846.2406
1054,12280729.7194,2359976.3523
1055,12278627.9843,2359051.135
1056,12277106.0381,2357856.1347
1057,12268708.1566,2357677.8554
1058,12266461.4742,2357123.7553
1059,12266461.4742,2358665.6422
1060,12265555.5538,2358337.98
1061,12265202.2449,2358328.343
1062,12264903.2912,2358501.8103
1063,12264115.1405,2358665.6422
1064,12263933.9564,2358337.98
1065,12264006.4301,2358082.6003
1066,12263924.8973,2357933.2291
1067,12263417.5818,2357856.1347
1068,12263390.4042,2358415.0763
1069,12263281.6938,2358549.996
1070,12263037.0953,2358545.1774
1071,12262593.1943,2358665.6422
1072,12263028.0361,2359590.8392
1073,12263163.9241,2360246.2165
1074,12263028.0361,2360920.8951
1075,12262593.1943,2361971.5175
1076,12263417.5818,2361971.5175
1077,12263761.8316,2361523.3085
1078,12264876.1136,2360279.9498
1079,12264251.0285,2362000.4346
1080,12262303.2998,2365485.2935
1081,12261759.7476,2367563.0418
1082,12261949.9909,2369838.7236
1083,12262412.0103,2372066.4778
1084,12262375.7734,2373879.7511
1085,12261071.2482,2374916.6805
1086,12261071.2482,2375654.6258
1087,12262593.1943,2374916.6805
1088,12264939.528,2378954.0563
1089,12265637.0866,2380584.7066
1090,12266370.8821,2383576.2363
1091,12266914.4344,2385023.9348
1092,12267920.0059,2386322.14
1093,12267838.4731,2384512.4009
1094,12268028.7163,2382427.8142
1095,12268545.0909,2380671.5502
1096,12269505.3665,2379841.7287
1097,12269831.4979,2380444.7927
1098,12275122.0725,2387147.4435
1099,12276345.065,2387943.8259
1100,12280240.5225,2389338.7897
1101,12282296.9616,2390371.8107
1102,12283818.9078,2392370.4461
1103,12286926.2146,2394678.335
1104,12288122.0294,2395161.1957
1105,12289009.8314,2395851.7099
1106,12289607.7387,2397517.7488
1107,12289933.8701,2399546.186
1108,12290024.4621,2401304.357
1109,12290178.4686,2401729.436
1110,12290504.5999,2402313.9367
1111,12290776.3759,2403120.6769
1112,12290857.9088,2404140.025
1113,12290586.1327,2404811.5714
1114,12289562.4427,2405705.3967
1115,12289335.9626,2406212.7235
1116,12288937.3577,2407469.0253
1117,12287986.1413,2408735.0835
1118,12286754.0897,2409865.916
1119,12285531.0973,2410706.8396
1120,12285531.0973,2411446.3062
1121,12285920.643,2412896.3326
1122,12284851.657,2414447.996
1123,12283148.5268,2415738.7383
1124,12281671.8766,2416391.3975
1125,12281671.8766,2417193.9606
1126,12283547.1317,2416787.8396
1127,12286129.0046,2415182.7887
1128,12287741.5428,2414767.0469
1129,12287053.0434,2416391.3975
1130,12288094.8518,2415912.7782
1131,12288502.5159,2415579.203
1132,12289046.0681,2419775.9535
1133,12286563.8464,2424413.8763
1134,12285050.9595,2428303.1521
1135,12288502.5159,2430252.9592
1136,12288502.5159,2429372.3737
1137,12287795.8981,2428985.3175
1138,12287297.6419,2428511.1855
1139,12286219.5966,2427011.4664
1140,12289779.8636,2422513.0955
1141,12291845.362,2421371.7606
1142,12293140.8281,2423760.9125
1143,12293829.3274,2423760.9125
1144,12292334.5589,2417116.6034
1145,12292379.8549,2415579.203
1146,12293448.841,2413215.3548
1147,12294336.6429,2413877.5864
1148,12295369.3921,2415970.7921
1149,12296945.6934,2417938.5405
1150,12296945.6934,2415579.203
1151,12297326.18,2415975.6265
1152,12297761.0218,2416318.8786
1153,12298358.9292,2416492.9245
1154,12299282.9679,2416391.3975
1155,12299282.9679,2415579.203
1156,12294662.7742,2413070.344
1157,12294662.7742,2412330.8078
1158,12296021.6547,2412089.1362
1159,12297027.2263,2411707.302
1160,12297815.377,2411634.8027
1161,12298449.5212,2412330.8078
1162,12299282.9679,2412330.8078
1163,12299282.9679,2411446.3062
1164,12298820.9485,2410576.3487
1165,12298612.5868,2409996.4015
1166,12298449.5212,2409010.5359
1167,12297761.0218,2409010.5359
1168,12297054.4039,2410204.2137
1169,12295976.3587,2410716.5056
1170,12294825.8398,2410982.3234
1171,12293829.3274,2411446.3062
1172,12293140.8281,2411446.3062
1173,12293177.0648,2410924.3265
1174,12293004.94,2410803.5
1175,12292715.0455,2410813.1662
1176,12292379.8549,2410706.8396
1177,12292932.4664,2410431.3601
1178,12293358.249,2410136.5536
1179,12293657.2027,2409701.6025
1180,12293829.3274,2409010.5359
1181,12292542.9206,2408517.6241
1182,12292678.8087,2407604.3248
1183,12293394.4857,2406386.6675
1184,12293829.3274,2404956.5129
1185,12293630.025,2403420.1947
1186,12292678.8087,2401009.7059
1187,12292379.8549,2399285.3736
1188,12293140.8281,2399285.3736
1189,12294970.7872,2400724.7204
1190,12296710.1542,2401739.097
1191,12298739.4157,2402338.0901
1192,12310679.4457,2403333.2373
1193,12310163.0711,2403821.1703
1194,12309728.2294,2404405.7416
1195,12309393.0388,2405091.7927
1196,12309175.6179,2405845.514
1197,12313822.9893,2403821.1703
1198,12315997.1981,2403879.1434
1199,12316758.1712,2406579.9407
1200,12314131.0022,2411074.1523
1201,12313687.1012,2412316.3075
1202,12313795.8117,2417566.2465
1203,12315897.5469,2421802.1703
1204,12326107.2691,2426300.3552
1205,12329749.0688,2429372.3737
1206,12330455.6867,2429372.3737
1207,12329232.6942,2425647.3198
1208,12325808.3153,2424428.3868
1209,12322220.8708,2423954.3807
1210,12319910.7739,2421831.1872
1211,12316921.2369,2421033.2437
1212,12315997.1981,2420520.6451
1213,12315480.8235,2418750.8463
1214,12315915.6652,2417687.1204
1215,12316595.1055,2416604.1214
1216,12316758.1712,2414767.0469
1217,12317383.2562,2416130.3308
1218,12318117.0517,2417251.9786
1219,12319122.6232,2417919.2004
1220,12320572.0957,2417938.5405
1221,12318932.38,2416594.4521
1222,12318035.5188,2413906.5898
1223,12317600.6771,2407469.0253
1224,12318289.1766,2407469.0253
1225,12319158.8601,2410465.1907
1226,12320427.1485,2413316.8631
1227,12321958.1539,2415854.7647
1228,12323606.9289,2417938.5405
1229,12327964.4057,2421981.1079
1230,12330654.9891,2423760.9125
1231,12333146.2701,2424500.9399
1232,12334885.6371,2424244.587
1233,12337521.8652,2423132.1562
1234,12340022.2054,2422764.5862
1235,12341924.6381,2422237.4272
1236,12341978.9933,2422063.3231
1237,12342803.3809,2422406.6966
1238,12344180.3797,2423519.0804
1239,12344588.0439,2423760.9125
1240,12347251.4497,2424757.2967
1241,12349914.8554,2426677.6758
1242,12352668.8533,2427959.6607
1243,12355676.5088,2427011.4664
1244,12359236.7757,2430775.5259
1245,12361329.4517,2432304.6086
1246,12364101.568,2432691.7399
1247,12362987.2859,2433935.4582
1248,12361166.386,2434109.6827
1249,12359454.1966,2433485.3863
1250,12358702.2827,2432285.2523
1251,12358348.9737,2430959.3956
1252,12357370.5798,2429986.8435
1253,12355948.2849,2429440.1095
1254,12354208.9178,2429372.3737
1255,12354208.9178,2430252.9592
1256,12355622.1536,2430591.658
1257,12356609.6067,2431530.3725
1258,12358013.7833,2434240.3523
1259,12356709.258,2434748.5213
1260,12355984.5217,2436853.9536
1261,12354897.4173,2437565.5033
1262,12357769.1848,2438465.8737
1263,12359055.5916,2439254.947
1264,12359535.7295,2440813.8371
1265,12360296.7025,2439690.6472
1266,12364862.541,2437565.5033
1267,12365297.3827,2436912.0383
1268,12365197.7315,2436287.6395
1269,12365297.3827,2435692.3037
1270,12366302.9543,2435126.028
1271,12367362.8812,2435072.7894
1272,12368449.9856,2435445.4633
1273,12369455.5571,2436060.151
1274,12370243.7078,2436752.3062
1275,12370569.8391,2436253.758
1276,12370932.2073,2435866.5462
1277,12370932.2073,2435126.028
1278,12366302.9543,2433582.1749
1279,12366302.9543,2432691.7399
1280,12369808.866,2432778.8457
1281,12371385.1674,2432570.7604
1282,12372454.1534,2431878.7744
1283,12374456.2374,2433136.9516
1284,12377010.9326,2434240.3523
1285,12381658.304,2435866.5462
1286,12380245.0683,2436621.6174
1287,12378596.2933,2436873.3152
1288,12376965.6366,2436631.2981
1289,12375570.5193,2435866.5462
1290,12374827.6646,2436660.3399
1291,12375117.5592,2436970.123
1292,12375570.5193,2437565.5033
1293,12374048.5732,2437565.5033
1294,12374048.5732,2438378.739
1295,12377880.6162,2439656.7591
1296,12379429.74,2439758.4239
1297,12380136.3578,2438378.739
1298,12382310.5666,2438867.6672
1299,12384919.6172,2438001.1604
1300,12387610.2006,2436694.2222
1301,12390001.8303,2435866.5462
1302,12387664.5558,2431820.7069
1303,12386414.3858,2430252.9592
1304,12384620.6635,2429372.3737
1305,12386224.1425,2428733.7356
1306,12389023.4364,2430073.9354
1307,12394794.1488,2434458.1372
1308,12396143.9701,2436098.8723
1309,12396850.5881,2436752.3062
1310,12400274.9668,2438286.7639
1311,12401470.7817,2439119.398
1312,12398372.5342,2439835.8832
1313,12396877.7656,2439801.9947
1314,12395392.0563,2439119.398
1315,12396850.5881,2440847.7275
1316,12399631.7635,2440876.7766
1317,12405221.2919,2440000.4853
1318,12404433.1412,2441181.7945
1319,12402720.9518,2442808.6492
1320,12402231.7548,2444067.6314
1321,12402340.4653,2445026.457
1322,12403699.3457,2446687.5807
1323,12404578.0884,2448198.7142
1324,12405900.7322,2443515.6047
1325,12407150.9023,2442033.9372
1326,12409080.5126,2442440.6567
1327,12408464.4867,2439448.5902
1328,12408573.1971,2438117.3376
1329,12409460.9991,2437565.5033
1330,12410937.6493,2437696.1992
1331,12412622.661,2438112.4968
1332,12413972.4823,2438867.6672
1333,12414461.6794,2440000.4853
1334,12415150.1787,2440000.4853
1335,12416336.9345,2438378.739
1336,12418429.6104,2438606.2583
1337,12420775.9441,2439516.3659
1338,12422759.9096,2440000.4853
1339,12421745.2788,2441152.745
1340,12421256.0819,2442547.18
1341,12421120.1938,2444077.3162
1342,12421237.9634,2445685.0755
1343,12422261.6534,2444958.6595
1344,12422868.6201,2443738.3501
1345,12423357.817,2442387.3951
1346,12423973.8428,2441254.4187
1347,12425450.493,2439874.6129
1348,12426646.3079,2439497.0013
1349,12427760.5898,2439889.1367
1350,12428974.5231,2440813.8371
1351,12430578.0021,2442924.8591
1352,12433322.9407,2448300.43
1353,12435823.2809,2450635.2154
1354,12437544.5294,2449792.3306
1355,12439745.9159,2449564.662
1356,12444175.8663,2449753.5783
1357,12443523.6037,2451129.3396
1358,12442454.6177,2452035.2714
1359,12441104.7964,2452631.1781
1360,12439610.0278,2453076.9104
1361,12442590.5058,2453813.3635
1362,12443251.8276,2456827.3397
1363,12442454.6177,2460404.1024
1364,12441131.974,2462827.8123
1365,12433893.6706,2467070.1396
1366,12431945.9418,2469422.0595
1367,12434491.5779,2467899.3359
1368,12436747.3196,2467215.6097
1369,12437263.6942,2467715.0665
1370,12440833.0203,2466105.2197
1371,12442155.664,2466139.1607
1372,12444175.8663,2466900.426
1373,12444846.2473,2465057.9318
1374,12446286.6608,2464912.4803
1375,12447998.8502,2465959.7591
1376,12449421.1451,2467715.0665
1377,12448741.7048,2465615.5076
1378,12448787.0008,2463172.0072
1379,12449547.974,2461775.8796
1380,12451015.5648,2462827.8123
1381,12452265.7349,2462313.9568
1382,12453253.1881,2461746.7949
1383,12453905.4508,2460908.2056
1384,12454059.4572,2459580.12
1385,12453298.4841,2459580.12
1386,12451504.7619,2460636.7635
1387,12450227.4142,2459638.2821
1388,12449629.5067,2458000.1246
1389,12449846.9276,2457147.1821
1390,12453081.0633,2456977.5679
1391,12454059.4572,2457147.1821
1392,12454901.9631,2457709.3439
1393,12456179.3108,2459260.2317
1394,12456722.863,2459580.12
1395,12457112.4087,2459958.1775
1396,12457103.3495,2460801.567
1397,12457293.5928,2461644.9985
1398,12458271.9867,2462023.1022
1399,12466887.2891,2467356.2319
1400,12467811.3279,2468607.3368
1401,12465012.034,2468830.4117
1402,12461814.1353,2469984.6291
1403,12458951.427,2471672.4502
1404,12457103.3495,2473486.561
1405,12456179.3108,2476086.8035
1406,12455608.581,2479701.6129
1407,12455418.3377,2483487.0778
1408,12455581.4033,2486588.8824
1409,12457973.033,2485210.2319
1410,12460446.1955,2482453.27
1411,12462402.9835,2479415.3111
1412,12464359.7714,2474534.3716
1413,12467023.1771,2475742.3453
1414,12469876.8262,2478799.0509
1415,12471616.1933,2481705.8618
1416,12472377.1664,2481705.8618
1417,12471942.3247,2479119.3093
1418,12469224.5636,2475795.7115
1419,12468572.301,2473894.0353
1420,12469233.6228,2472191.4406
1421,12470918.6346,2471352.3332
1422,12473038.4882,2471071.0233
1423,12477305.373,2471201.9773
1424,12487007.7798,2473389.5448
1425,12488067.7065,2474427.6472
1426,12489227.2846,2476814.555
1427,12490151.3233,2474854.549
1428,12490395.9218,2472467.9186
1429,12489933.9024,2470096.1752
1430,12488819.6205,2468161.1957
1431,12488085.825,2466066.43
1432,12489698.3632,2464796.1199
1433,12491899.7495,2463986.4681
1434,12493032.1501,2463283.5085
1435,12495043.2932,2460530.1268
1436,12499645.3685,2460801.567
1437,12504754.7591,2462619.3596
1438,12508224.434,2463724.6728
1439,12509257.1833,2464830.0583
1440,12510244.6363,2465533.0821
1441,12510969.3726,2466434.9348
1442,12511512.9249,2469897.3326
1443,12512545.674,2471837.3612
1444,12512790.2725,2473040.291
1445,12512436.9636,2476135.3193
1446,12512083.6547,2477697.6025
1447,12511648.8129,2478376.9014
1448,12511023.7278,2479090.1946
1449,12510951.2543,2480749.8102
1450,12511268.3264,2483734.6186
1451,12510942.195,2484637.4455
1452,12508985.4071,2488220.1081
1453,12507472.5202,2493105.0245
1454,12507581.2306,2496164.8924
1455,12508396.5589,2499643.136
1456,12509882.2682,2502500.1121
1457,12512029.2994,2503705.2419
1458,12511512.9249,2502247.4347
1459,12510271.814,2496330.0439
1460,12509773.5579,2494877.7369
1461,12509673.9065,2493920.9345
1462,12509918.5051,2492765.0737
1463,12511023.7278,2491123.6939
1464,12511268.3264,2490215.6624
1465,12512844.6277,2488705.6227
1466,12516350.5395,2489035.7805
1467,12519974.2208,2490269.0747
1468,12521903.831,2491483.0355
1469,12522737.2778,2491483.0355
1470,12521378.3973,2488919.2534
1471,12515000.7182,2485715.0766
1472,12513551.2456,2483734.6186
1473,12513986.0873,2479832.634
1474,12515209.0799,2477052.294
1475,12517120.5717,2475058.3015
1476,12529105.8977,2468432.7584
1477,12532249.4413,2467715.0665
1478,12535465.4585,2468699.4761
1479,12538255.6932,2471168.0262
1480,12539868.2314,2474369.4342
1481,12539596.4552,2477552.0421
1482,12544098.8793,2479997.625
1483,12544696.7868,2480628.4877
1484,12545294.6941,2481899.9906
1485,12545756.7135,2482438.7099
1486,12546381.7985,2482613.4333
1487,12549099.5596,2482438.7099
1488,12549896.7694,2483220.126
1489,12550186.664,2486627.7193
1490,12550576.2097,2487404.4755
1491,12555567.8308,2489773.8038
1492,12556881.4153,2489220.2833
1493,12557696.7436,2489895.1924
1494,12558484.8943,2490939.1701
1495,12559735.0642,2491483.0355
1496,12561383.8393,2490861.4766
1497,12562579.6542,2489356.234
1498,12563404.0417,2487472.4433
1499,12564753.863,2482846.4007
1500,12565677.9017,2480633.3406
1501,12569260.2655,2478379.549
1502,12571174.2379,2479453.7863
1503,12574324.7645,2480688.6721
1504,12576059.7487,2482647.4076
1505,12576829.7811,2483734.6186
1506,12576983.7875,2484448.1391
1507,12577536.3989,2486045.1756
1508,12577663.2278,2486996.674
1509,12577916.8855,2488045.3263
1510,12578514.7928,2488176.4125
1511,12579266.7068,2488210.398
1512,12580958.8074,2488666.9832
1513,12581954.4698,2489489.3693
1514,12582288.2389,2490888.3025
1515,12581461.8583,2492206.1825
1516,12581214.0592,2492782.4961
1517,12581463.9217,2493687.7533
1518,12581632.6501,2495827.9114
1519,12581138.0481,2498051.2119
1520,12581140.0833,2499697.9169
1521,12580895.2767,2502415.9067
1522,12581063.9611,2505297.8217
1523,12581563.7649,2507603.6474
1524,12581399.8456,2510570.151
1525,12582065.1108,2512629.4677
1526,12585547.0934,2509986.6698
1527,12587706.3803,2513113.9254
1528,12588570.5086,2520323.5398
1529,12591415.0984,2521724.5538
1530,12591387.9208,2519914.933
1531,12591714.0521,2517910.9599
1532,12592366.3148,2516062.8495
1533,12593290.3535,2514749.8433
1534,12592265.3608,2512693.1702
1535,12592964.2222,2511180.9358
1536,12591940.5322,2509075.9311
1537,12591415.0984,2507369.76
1538,12592333.5427,2503386.4051
1539,12594645.9903,2499924.9819
1540,12596631.5632,2498474.0585
1541,12598952.3028,2500410.0454
1542,12600775.4915,2501064.5033
1543,12602938.4051,2500935.5171
1544,12604768.3641,2500678.0045
1545,12606616.4417,2502004.4793
1546,12607069.4018,2502777.0899
1547,12607486.1252,2504016.2573
1548,12607585.7764,2505396.4578
1549,12606553.0272,2507880.1348
1550,12607042.2242,2509338.4345
1551,12608428.2823,2511890.7666
1552,12609551.6235,2512051.2119
1553,12610067.9981,2512308.9002
1554,12610520.9582,2512892.3599
1555,12610901.4448,2513830.8007
1556,12611907.0164,2515576.5388
1557,12612269.3846,2516646.441
1558,12612803.8775,2517419.7315
1559,12613945.3371,2517716.4122
1560,12615331.3953,2517463.5037
1561,12618157.8667,2516014.2178
1562,12619462.392,2516004.4915
1563,12623849.6144,2516974.9921
1564,12619679.8129,2523018.651
1565,12618511.1756,2524624.2504
1566,12615671.5862,2527604.2666
1567,12614519.6902,2530079.0781
1568,12612831.0552,2532542.6201
1569,12604405.9961,2546368.7201
1570,12600166.2888,2550837.0485
1571,12597539.1199,2552771.9148
1572,12596932.1533,2553834.4827
1573,12596741.91,2556125.5742
1574,12597502.8831,2564376.16
1575,12598870.8227,2563000.7732
1576,12604922.3707,2552810.907
1577,12606118.1854,2550223.0077
1578,12607558.5988,2543806.1923
1579,12609868.6956,2539997.2402
1580,12612858.2327,2536598.1778
1581,12618239.3996,2532372.2403
1582,12618846.3662,2531603.1192
1583,12619199.6751,2530556.5878
1584,12619435.2143,2528380.9882
1585,12619679.8129,2527519.5882
1586,12624952.2692,2522468.8906
1587,12625749.4792,2520469.4732
1588,12626483.2745,2517769.9127
1589,12630221.8997,2514397.103
1590,12632952.7613,2514055.0439
1591,12634453.8405,2516026.7614
1592,12637155.0162,2518377.8835
1593,12637888.8116,2519409.053
1594,12638088.114,2519686.3123
1595,12638042.818,2519759.276
1596,12637318.0818,2520970.5212
1597,12637318.0818,2520975.3858
1598,12639057.4489,2522016.4465
1599,12640646.2732,2521688.7681
1600,12641574.4685,2523449.1971
1601,12644519.8817,2523945.6791
1602,12644779.482,2525803.1391
1603,12644084.9724,2527004.2374
1604,12643357.1664,2527384.4189
1605,12643078.0481,2529560.5558
1606,12642952.9063,2531461.9553
1607,12644003.7738,2532513.412
1608,12645036.523,2533306.9167
1609,12645525.72,2534455.8623
1610,12645589.1345,2536344.9805
1611,12645833.7329,2537421.0956
1612,12647047.6662,2539773.2116
1613,12643849.7674,2539909.5765
1614,12641231.6577,2541039.5002
1615,12640503.0706,2542843.77
1616,12639922.4019,2547842.3218
1617,12641720.8546,2552971.7504
1618,12645308.3943,2558120.3846
1619,12645801.7584,2564327.2013
1620,12641869.2675,2569034.3677
1621,12640666.8785,2571915.7172
1622,12636574.2008,2575867.1231
1623,12632127.1583,2579278.7419
1624,12631012.8763,2581275.573
1625,12629599.6405,2582383.9447
1626,12623077.0141,2585079.5078
1627,12621129.2854,2587384.7651
1628,12626528.5707,2585226.0186
1629,12628032.3984,2584029.5523
1630,12629409.3973,2585909.7534
1631,12630686.7449,2586783.9992
1632,12634120.183,2588278.6289
1633,12628086.7535,2591795.9492
1634,12626510.4522,2593198.2053
1635,12620060.2994,2600988.561
1636,12618112.5707,2602073.8399
1637,12616065.1908,2601809.8465
1638,12613900.0411,2601027.6689
1639,12611635.2403,2600577.9341
1640,12610611.5503,2600959.2302
1641,12608482.6376,2602660.5076
1642,12607830.3749,2603041.853
1643,12605248.5019,2603266.7533
1644,12602811.5762,2603853.4644
1645,12602811.5762,2604753.1296
1646,12613347.4297,2602601.8399
1647,12616563.4469,2603041.853
1648,12626963.4124,2607075.8672
1649,12628793.3715,2606728.6578
1650,12631185.0012,2605594.1663
1651,12631837.2638,2605496.3691
1652,12632978.7234,2606224.9728
1653,12633005.901,2606836.243
1654,12632643.5329,2607599.1406
1655,12633786.1158,2609793.5945
1656,12635190.1164,2614107.117
1657,12635019.5758,2617785.7037
1658,12632670.7105,2621523.4955
1659,12629355.0421,2622825.5464
1660,12625776.6567,2623207.3709
1661,12623484.6783,2625351.6317
1662,12625577.3543,2626996.7389
1663,12628657.4833,2626076.2415
1664,12634120.183,2622884.2882
1665,12635778.0172,2622805.966
1666,12637508.3251,2623339.5431
1667,12638867.2055,2624352.8992
1668,12639437.9353,2625723.7245
1669,12640425.3885,2625899.982
1670,12644520.1484,2628093.571
1671,12645145.2335,2628642.0154
1672,12648841.3885,2629523.4832
1673,12654122.904,2633431.9101
1674,12657375.158,2634313.6425
1675,12659232.2948,2634019.7262
1676,12662076.8846,2632535.5322
1677,12663825.3108,2631923.2811
1678,12667929.13,2631492.2704
1679,12669632.2602,2630943.7282
1680,12671507.5153,2629464.7172
1681,12668255.2612,2630777.2102
1682,12666425.3022,2631178.8154
1683,12663490.1203,2629954.4407
1684,12661950.0557,2630493.154
1685,12660527.7607,2631433.497
1686,12659277.5908,2631923.2811
1687,12656134.0471,2631276.7694
1688,12650037.2033,2628455.9339
1689,12643904.1226,2627173.0104
1690,12641041.4144,2625449.55
1691,12638812.8504,2622923.4493
1692,12637915.9892,2619903.4219
1693,12637970.3445,2616629.5133
1694,12638405.1862,2614819.1184
1695,12639437.9353,2613708.5177
1696,12640769.6383,2613840.6116
1697,12641911.0979,2614956.1142
1698,12644003.7738,2617882.2305
1699,12644094.3659,2612739.8627
1700,12643895.0634,2610215.7633
1701,12643242.8008,2607961.0407
1702,12644411.4381,2609746.2072
1703,12645806.5554,2616438.6782
1704,12647808.6393,2619526.5703
1705,12646458.818,2615499.2158
1706,12646187.0419,2613855.2887
1707,12646350.1075,2612138.1519
1708,12645670.6673,2610582.6136
1709,12645344.5359,2608689.7559
1710,12645335.4768,2606865.5846
1711,12645525.72,2605496.3691
1712,12646096.4499,2606987.8415
1713,12646911.7781,2610866.3169
1714,12647237.9095,2614691.9091
1715,12647754.2841,2616277.2043
1716,12649312.467,2619526.5703
1717,12650145.9138,2619526.5703
1718,12648605.8492,2615235.0019
1719,12648026.0602,2612852.3802
1720,12647808.6393,2610044.5693
1721,12647156.3767,2607369.2894
1722,12645036.523,2601995.6192
1723,12645453.2464,2600973.8956
1724,12645670.6673,2602064.0623
1725,12646214.2195,2603027.1858
1726,12647047.6662,2603853.4644
1727,12646449.7588,2601809.8465
1728,12646150.8051,2599267.9082
1729,12646513.1732,2596970.7314
1730,12647808.6393,2595651.2245
1731,12647328.5015,2597107.5754
1732,12647020.4886,2598749.793
1733,12647102.0215,2600470.3905
1734,12647808.6393,2602142.2834
1735,12649520.8287,2597674.5126
1736,12650743.8211,2595401.9963
1737,12652048.3464,2593608.6448
1738,12652863.6747,2591067.9966
1739,12652157.0569,2588517.9779
1740,12651858.1032,2586344.4283
1741,12653950.7791,2584923.2311
1742,12655309.6596,2584923.2311
1743,12656043.4551,2585489.7415
1744,12656478.2969,2586193.0234
1745,12656994.6715,2586637.4741
1746,12658380.7296,2586896.3358
1747,12661968.1742,2586637.4741
1748,12663490.1203,2585704.63
1749,12664223.9157,2583472.8592
1750,12665145.0245,2575990.6689
1751,12667442.0453,2574691.2576
1752,12668064.2601,2571019.7609
1753,12669586.9642,2567829.7694
1754,12670646.8909,2565771.1741
1755,12671924.2386,2563937.1942
1756,12673029.4614,2562742.2914
1757,12677051.7477,2559713.9701
1758,12678609.9307,2557851.4164
1759,12677269.1685,2557012.8489
1760,12675522.4299,2556694.9736
1761,12675713.6731,2554698.4794
1762,12676436.0882,2552704.649
1763,12677228.2236,2552123.5517
1764,12678215.2003,2549653.8331
1765,12680367.4162,2552640.3173
1766,12680439.8897,2553620.014
1767,12680784.1395,2553834.4827
1768,12680992.5012,2553961.2156
1769,12680992.5012,2553961.2156
1770,12682079.6056,2553766.2423
1771,12683275.4205,2553990.4617
1772,12684606.3729,2554168.725
1773,12684724.1891,2555359.715
1774,12684733.6193,2556659.8267
1775,12685071.7996,2558174.4835
1776,12686002.2406,2558729.0331
1777,12686391.7863,2559884.6335
1778,12687152.7595,2559358.0207
1779,12688683.7648,2559358.0207
1780,12689028.0146,2559133.7277
1781,12690341.599,2558987.4514
1782,12692488.6302,2558022.0605
1783,12694363.8854,2557022.5994
1784,12694372.9445,2557012.8489
1785,12694409.1814,2556973.8468
1786,12694662.839,2556681.334
1787,12694735.3126,2556583.831
1788,12695097.6807,2556130.4492
1789,12696574.3309,2556149.9493
1790,12696927.6398,2557354.1212
1791,12697906.0338,2557944.0515
1792,12699292.092,2558163.4526
1793,12699228.6775,2558621.7663
1794,12699591.0457,2558836.3006
