-12449573.6303499,5802808.877829,-12397564.8383501,5854847.153271
0,-12416687.3203,5806976.8884
1,-12416580.6797,5807020.8722
2,-12416264.3359,5807248.423
3,-12416135.5,5807428.3766
4,-12416080.1875,5807571.6667
5,-12416083.3125,5808064.2265
6,-12416042.6719,5808251.6407
7,-12415902.6797,5808505.1397
8,-12415851.0781,5808644.7542
9,-12415832.5,5808806.4852
10,-12415876.3828,5809016.0939
11,-12415938.7266,5809141.1458
12,-12416045.1484,5809310.384
13,-12416236.1406,5809464.9974
14,-12416680.8203,5809638.2852
15,-12416842.5234,5809693.5765
16,-12416956.4453,5809745.1766
17,-12417232.0156,5809910.895
18,-12417375.2734,5810047.0831
19,-12417646.9297,5810477.4994
20,-12417786.4922,5810654.136
21,-12417900.375,5810757.196
22,-12418095.1797,5810852.967
23,-12418282.6641,5810908.2896
24,-12418326.7266,5810985.5418
25,-12418374.5234,5810981.9128
26,-12418484.875,5810915.8123
27,-12418528.9766,5810937.9133
28,-12418646.4766,5811151.2759
29,-12418734.625,5811283.7261
30,-12418797.1016,5811324.2369
31,-12418848.5703,5811324.268
32,-12418900.0703,5811291.2333
33,-12418925.8125,5811291.2333
34,-12418977.2344,5811379.5439
35,-12419072.7187,5811534.0484
36,-12419124.1328,5811622.3434
37,-12419113.0469,5811688.5218
38,-12419072.5937,5811695.8421
39,-12419057.875,5811710.5449
40,-12419068.8516,5811784.1215
41,-12419245.0547,5812174.0587
42,-12419289.1484,5812232.9169
43,-12419340.6641,5812188.8394
44,-12419381.1406,5812159.4493
45,-12419410.5391,5812185.2105
46,-12419410.5156,5812214.6317
47,-12419377.3828,5812277.1345
48,-12419358.9531,5812317.5518
49,-12419381.0078,5812339.6372
50,-12419410.4297,5812335.9771
51,-12419491.3359,5812336.0549
52,-12419494.9844,5812376.5034
53,-12419410.375,5812420.5808
54,-12419413.9922,5812490.4661
55,-12419450.75,5812530.9457
56,-12419601.4922,5812564.1518
57,-12419689.5859,5812810.6272
58,-12419777.7734,5812924.6679
59,-12419803.4766,5812994.5844
60,-12419788.7344,5813035.0328
61,-12419740.8828,5813086.5084
62,-12419729.8281,5813119.5743
63,-12419770.1172,5813366.0499
64,-12419814.1875,5813461.6808
65,-12419839.9375,5813472.7392
66,-12419887.7031,5813509.5586
67,-12419920.7344,5813634.6577
68,-12419961.1719,5813653.0674
69,-12419967.6719,5813648.208
70,-12419990.6172,5813631.0131
71,-12420020.0156,5813660.4656
72,-12420042.0469,5813723.0151
73,-12420041.9922,5813814.9704
74,-12419953.5156,5814105.4768
75,-12419964.5078,5814168.0263
76,-12419990.2656,5814168.0575
77,-12420104.3281,5814109.2615
78,-12420148.4531,5814123.9956
79,-12420144.7578,5814157.1082
80,-12420126.3437,5814182.8538
81,-12420038.0234,5814245.3255
82,-12420034.3281,5814274.7468
83,-12420045.3516,5814300.4924
84,-12420056.3828,5814300.5236
85,-12420240.3125,5814260.1685
86,-12420255,5814304.3239
87,-12420221.875,5814352.1238
88,-12420126.2109,5814388.8499
89,-12420104.125,5814414.5799
90,-12420096.75,5814447.677
91,-12420126.125,5814524.945
92,-12420162.8984,5814539.6791
93,-12420251.1797,5814532.3743
94,-12420328.4141,5814550.8152
95,-12420328.3828,5814605.9822
96,-12420269.5,5814631.6967
97,-12420170.1875,5814642.6771
98,-12420063.4922,5814649.9663
99,-12420052.4453,5814675.6963
100,-12420052.3828,5814760.3158
101,-12420004.5391,5814789.7216
102,-12419997.1641,5814826.5099
103,-12420011.8828,5814837.5527
104,-12420070.7344,5814830.2479
105,-12420251,5814815.6385
106,-12420287.7812,5814830.3881
107,-12420295.125,5814856.1337
108,-12420254.625,5814907.6094
109,-12420100.0781,5814951.6402
110,-12420026.4922,5814984.7061
111,-12420015.4453,5815010.4518
112,-12420070.3984,5815319.5084
113,-12420132.9609,5815293.7939
114,-12420173.4375,5815282.7823
115,-12420188.1328,5815315.895
116,-12420177.0547,5815371.0776
117,-12420206.4453,5815437.334
118,-12420184.3672,5815452.0213
119,-12420029.8672,5815418.8152
120,-12419996.7656,5815426.1511
121,-12419956.2422,5815503.3724
122,-12419952.4844,5815602.6949
123,-12420003.9766,5815632.1785
124,-12420221.0469,5815613.9245
125,-12420243.1172,5815632.3343
126,-12420254.1094,5815694.8839
127,-12420224.6562,5815727.9654
128,-12420073.8203,5815724.1962
129,-12420062.7734,5815746.2662
130,-12420110.5625,5815801.4799
131,-12420099.4922,5815856.6625
132,-12420036.9297,5815889.7284
133,-12420036.9062,5815922.8411
134,-12420088.3906,5815955.9693
135,-12420150.8984,5816011.1987
136,-12420242.7422,5816213.6128
137,-12420312.625,5816250.4635
138,-12420316.2734,5816283.5761
139,-12420338.2969,5816364.5356
140,-12420294.1406,5816379.2229
141,-12420224.2656,5816323.9936
142,-12420205.8672,5816335.0052
143,-12420047.4844,5816603.5045
144,-12420054.8125,5816629.2657
145,-12420205.5625,5816791.2625
146,-12420323.2656,5816864.9484
147,-12420367.375,5816912.7951
148,-12420363.6797,5816942.2321
149,-12420264.3125,5816975.2825
150,-12420245.8828,5817023.0825
151,-12420260.5312,5817148.213
152,-12420245.7656,5817225.4812
153,-12420264.0391,5817424.1886
154,-12420245.6172,5817453.6411
155,-12420197.7656,5817486.7071
156,-12420164.5859,5817545.5499
157,-12420157.1719,5817633.8609
158,-12420098.2422,5817718.4494
159,-12420109.25,5817769.9875
160,-12420208.5703,5817828.9393
161,-12420230.6328,5817858.3763
162,-12420215.8906,5817880.4618
163,-12420182.7422,5817931.9688
164,-12420020.875,5817861.943
165,-12419987.75,5817869.2633
166,-12419973.0078,5817906.0673
167,-12419976.6172,5818009.0968
168,-12419943.4688,5818031.1668
169,-12419899.3437,5818016.4015
170,-12419880.9297,5818031.12
171,-12419847.7734,5818093.6698
172,-12419866.125,5818163.6021
173,-12419873.4453,5818229.8431
174,-12419851.3437,5818248.2218
175,-12419781.4062,5818255.5265
176,-12419744.6016,5818266.5381
177,-12419711.3906,5818384.2861
178,-12419634,5818527.7642
179,-12419622.9297,5818582.9625
180,-12419648.6641,5818623.4579
181,-12419736.9687,5818667.6913
182,-12419751.6641,5818697.1438
183,-12419755.3125,5818741.2994
184,-12419733.2109,5818763.3693
185,-12419689.0547,5818767.0295
186,-12419578.6719,5818730.1476
187,-12419530.8281,5818733.7766
188,-12419482.9375,5818785.2835
189,-12419475.5078,5818877.2703
190,-12419515.8438,5819068.6888
191,-12419530.4062,5819282.1772
192,-12419600.2266,5819440.4674
193,-12419581.7422,5819569.2739
194,-12419607.3437,5819779.1022
195,-12419695.5781,5819926.3964
196,-12419691.8672,5819974.2277
197,-12419643.9922,5820014.7075
198,-12419636.5391,5820136.1626
199,-12419662.2266,5820253.9574
200,-12419728.4375,5820312.8938
201,-12419735.7734,5820357.0805
202,-12419721.0312,5820379.1505
203,-12419643.7109,5820412.2166
204,-12419617.9219,5820437.9779
205,-12419621.5156,5820563.1399
206,-12419621.3984,5820706.7117
207,-12419580.8359,5820809.7413
208,-12419588.1563,5820879.6894
209,-12419606.5469,5820901.7905
210,-12419709.5859,5820942.3483
211,-12419801.5859,5820997.6401
212,-12419823.6484,5821034.4598
213,-12419783.125,5821060.1899
214,-12419746.3203,5821063.8501
215,-12419536.5078,5821019.5388
216,-12419484.9453,5821056.3117
217,-12419344.9219,5821247.6526
218,-12419105.4063,5821549.3436
219,-12419101.7109,5821575.1049
220,-12419112.7344,5821597.2061
221,-12419160.5859,5821611.9558
222,-12419145.8125,5821670.8455
223,-12419101.6016,5821715.0011
224,-12419002.1484,5821792.2384
225,-12418976.2734,5821910.0334
226,-12418968.7813,5822075.7065
227,-12418990.8359,5822127.2603
228,-12419023.9531,5822149.3771
229,-12419160.1797,5822127.3849
230,-12419222.8359,5822039.0737
231,-12419285.4375,5822013.3591
232,-12419381.2578,5821899.2865
233,-12419421.7734,5821862.5135
234,-12419572.7344,5821858.9312
235,-12419602.1797,5821884.7237
236,-12419583.7266,5821925.2192
237,-12419546.8828,5821954.6251
238,-12419495.3359,5821965.6523
239,-12419406.9453,5821998.7184
240,-12419366.4141,5822042.8585
241,-12419344.2578,5822134.8922
242,-12419296.3516,5822204.8091
243,-12419211.6328,5822241.5665
244,-12419104.8516,5822267.2344
245,-12419064.3516,5822292.9958
246,-12419093.75,5822337.1826
247,-12419097.3906,5822377.7092
248,-12419064.2266,5822403.4394
249,-12419005.3359,5822407.084
250,-12418997.9453,5822432.8609
251,-12419056.7031,5822620.682
252,-12419038.2187,5822720.0672
253,-12419104.3125,5822955.7664
254,-12419188.9688,5822996.3554
255,-12419200.0078,5823022.1167
256,-12419181.5469,5823077.3463
257,-12419096.7969,5823161.9663
258,-12419093.0703,5823224.563
259,-12419048.8437,5823272.3944
260,-12419026.6484,5823408.615
261,-12419063.4141,5823474.9186
262,-12419059.6641,5823578.0263
263,-12419089.0703,5823636.9784
264,-12419129.5625,5823666.4779
265,-12419184.7812,5823688.6102
266,-12419217.8906,5823718.094
267,-12419210.5,5823751.2069
268,-12419133.125,5823802.7141
269,-12419129.4141,5823832.1512
270,-12419195.6016,5823979.5081
271,-12419213.9453,5824067.8973
272,-12419232.2891,5824134.2165
273,-12419250.7031,5824141.5836
274,-12419339.0937,5824130.6031
275,-12419468.0078,5824108.5953
276,-12419549,5824141.8017
277,-12419552.6641,5824167.5786
278,-12419534.2344,5824189.6642
279,-12419434.7891,5824219.0391
280,-12419375.8281,5824255.8588
281,-12419364.7422,5824288.9873
282,-12419401.5391,5824347.9238
283,-12419585.5547,5824528.5183
284,-12419596.5703,5824583.748
285,-12419640.6641,5824694.2696
286,-12419754.7422,5824826.9236
287,-12419751.0391,5824860.0677
288,-12419670,5824860.0209
289,-12419640.5313,5824874.7395
290,-12419644.1797,5824911.5593
291,-12419699.4062,5824948.4258
292,-12419765.6484,5825007.3935
293,-12419776.6641,5825073.6816
294,-12419820.7891,5825165.809
295,-12419846.5703,5825169.5159
296,-12419883.4453,5825140.0632
297,-12420025.0625,5825136.6989
298,-12420034.4219,5825136.4809
299,-12420049.1484,5825151.215
300,-12420052.8047,5825202.8001
301,-12420027,5825232.2217
302,-12419993.8516,5825243.2645
303,-12419927.5703,5825239.5265
304,-12419868.625,5825243.1866
305,-12419846.4922,5825280.0064
306,-12419761.7344,5825357.2751
307,-12419746.9609,5825419.8718
308,-12419765.3516,5825460.3985
309,-12419816.8984,5825493.5893
310,-12419894.25,5825471.5504
311,-12419971.5625,5825497.3897
312,-12419982.5937,5825530.5181
313,-12419971.5234,5825556.3107
314,-12419886.8047,5825589.408
315,-12419849.9531,5825615.1694
316,-12419835.1953,5825659.3563
317,-12419853.5469,5825755.1283
318,-12419853.5,5825832.4748
319,-12419916.0391,5825928.278
320,-12419868.125,5825968.758
321,-12419871.7812,5825994.535
322,-12419908.6094,5826016.6674
323,-12419923.3203,5826035.0773
324,-12419919.6172,5826068.2369
325,-12419915.9062,5826108.7481
326,-12419960.0703,5826175.0985
327,-12420004.1875,5826307.7215
328,-12420037.3125,5826329.8539
329,-12420085.2188,5826318.8266
330,-12420151.5234,5826307.815
331,-12420173.6094,5826333.6231
332,-12420155.1719,5826374.1343
333,-12420133.0469,5826399.8957
334,-12420092.5078,5826425.6415
335,-12419996.7266,5826436.6376
336,-12419945.1641,5826425.5481
337,-12419742.6641,5826292.8316
338,-12419709.5156,5826296.4762
339,-12419687.4062,5826314.8861
340,-12419680.0156,5826340.6631
341,-12419702.0391,5826443.7867
342,-12419742.5156,5826495.3874
343,-12419882.4375,5826554.4331
344,-12419897.1563,5826580.2412
345,-12419893.4609,5826602.3269
346,-12419867.6563,5826620.7212
347,-12419771.8594,5826650.1428
348,-12419709.2031,5826705.3414
349,-12419683.3672,5826790.0551
350,-12419672.1328,5827011.052
351,-12419712.5859,5827103.1951
352,-12419679.3906,5827169.4677
353,-12419675.6094,5827287.3566
354,-12419723.3828,5827431.0537
355,-12419767.5625,5827478.9787
356,-12419826.5,5827493.744
357,-12419973.875,5827464.3847
358,-12420062.2734,5827471.7985
359,-12420084.3359,5827508.6651
360,-12420080.6328,5827549.1763
361,-12420051.1406,5827571.2776
362,-12419911.1484,5827589.5941
363,-12419870.6016,5827619.0312
364,-12419822.6406,5827711.1121
365,-12419822.5547,5827777.4314
366,-12419863,5827891.6602
367,-12419966.0469,5828028.0526
368,-12419947.5234,5828138.5745
369,-12419954.875,5828171.7186
370,-12420024.7812,5828293.3613
371,-12420172.0234,5828455.5463
372,-12420282.5234,5828521.9125
373,-12420356.1953,5828525.6505
374,-12420407.8047,5828496.2133
375,-12420444.6797,5828429.9406
376,-12420470.5625,5828308.3603
377,-12420489.0469,5828216.2638
378,-12420522.2187,5828208.9123
379,-12420599.5391,5828275.2784
380,-12420669.5234,5828297.4264
381,-12420687.9297,5828319.5433
382,-12420669.4687,5828371.1129
383,-12420573.6641,5828389.4761
384,-12420562.6016,5828411.5774
385,-12420573.6328,5828437.3856
386,-12420658.3438,5828463.2094
387,-12420665.7031,5828481.6504
388,-12420650.9453,5828525.853
389,-12420625.1406,5828536.8803
390,-12420573.5391,5828573.6846
391,-12420536.6094,5828695.2806
392,-12420558.6875,5828710.0147
393,-12420661.8516,5828710.077
394,-12420672.9062,5828721.1355
395,-12420669.2031,5828761.6623
396,-12420632.3125,5828820.5834
397,-12420639.6406,5828861.1258
398,-12420654.3828,5828872.1842
399,-12420702.2891,5828872.2154
400,-12420720.7187,5828850.1141
401,-12420765.0078,5828732.2562
402,-12420787.1094,5828713.8462
403,-12420823.9609,5828713.8462
404,-12420875.5234,5828747.0527
405,-12420893.8984,5828802.3137
406,-12420868.0859,5828857.5591
407,-12420868.0625,5828890.7344
408,-12420886.4766,5828905.4841
409,-12420949.0859,5828912.8824
410,-12420974.8672,5828938.6906
411,-12421022.7578,5828960.823
412,-12421159.125,5828905.6243
413,-12421199.6484,5828927.7412
414,-12421221.6875,5829001.4588
415,-12421188.5078,5829049.3372
416,-12421162.7109,5829060.3956
417,-12421092.6875,5829071.3917
418,-12421033.7578,5829041.8922
419,-12420996.9141,5829041.861
420,-12420963.7422,5829052.9195
421,-12420948.9922,5829086.0636
422,-12420956.3359,5829115.532
423,-12420978.4297,5829133.9575
424,-12421085.2578,5829192.9722
425,-12421147.8828,5829196.6946
426,-12421236.3359,5829163.5817
427,-12421258.4219,5829170.9487
428,-12421335.7813,5829244.7132
429,-12421398.4219,5829255.7872
430,-12421420.5078,5829288.9625
431,-12421391.0234,5829307.3724
432,-12421383.6172,5829358.9577
433,-12421402.0234,5829377.3988
434,-12421427.8203,5829381.0745
435,-12421497.8672,5829347.9615
436,-12421519.9609,5829355.3442
437,-12421556.7578,5829429.0463
438,-12421553.0547,5829476.9402
439,-12421530.9453,5829484.3073
440,-12421427.7656,5829451.0853
441,-12421394.6016,5829451.0697
442,-12421368.7969,5829473.171
443,-12421361.4141,5829502.655
444,-12421372.4609,5829521.0805
445,-12421446.1328,5829583.7554
446,-12421508.7266,5829668.5471
447,-12421563.9766,5829734.8821
448,-12421589.7578,5829734.8977
449,-12421619.2578,5829716.5033
450,-12421626.6484,5829672.2851
451,-12421667.2266,5829580.173
452,-12421693.0156,5829565.4389
453,-12421788.8281,5829565.4856
454,-12421884.6328,5829583.9578
455,-12421914.0703,5829646.6015
456,-12422028.2891,5829701.9249
457,-12422024.5859,5829742.4673
458,-12421980.3437,5829757.1859
459,-12421877.1797,5829738.7136
460,-12421851.3906,5829746.0807
461,-12421821.875,5829775.5335
462,-12421825.5547,5829823.9259
463,-12421821.7813,5829940.8805
464,-12421725.8984,5830025.5944
465,-12421725.8672,5830080.8554
466,-12421766.3516,5830143.5303
467,-12421770.0156,5830165.6316
468,-12421799.4766,5830195.1467
469,-12421847.3906,5830195.1467
470,-12421906.2578,5830268.88
471,-12421887.7734,5830327.848
472,-12421894.9297,5830541.5874
473,-12421909.6172,5830578.4385
474,-12421946.4687,5830607.9381
475,-12422138.0938,5830630.1328
476,-12422226.4844,5830707.5731
477,-12422230.1562,5830729.69
478,-12422215.3906,5830784.9355
479,-12422141.7109,5830751.7445
480,-12422053.2422,5830755.3892
481,-12421968.4609,5830803.2831
482,-12421913.1641,5830858.5442
483,-12421913.1094,5830958.0235
484,-12421938.875,5831009.6399
485,-12421920.4219,5831079.6664
486,-12421831.9531,5831127.5292
487,-12421824.5469,5831215.9812
488,-12421710.2422,5831322.812
489,-12421688.0469,5831470.2165
490,-12421739.6172,5831499.7316
491,-12421765.4141,5831532.907
492,-12421835.4141,5831580.8633
493,-12421883.3281,5831599.3044
494,-12421905.4297,5831628.804
495,-12421905.4297,5831647.2296
496,-12421757.9531,5831720.8695
497,-12421606.8281,5831709.7487
498,-12421581,5831787.1579
499,-12421592.0156,5831860.8757
500,-12421669.3672,5831967.8001
501,-12421728.2734,5832107.8842
502,-12421853.5078,5832262.7493
503,-12421886.6797,5832270.1476
504,-12422288.4766,5832196.601
505,-12422303.2266,5832185.5426
506,-12422284.8906,5831990.1818
507,-12422321.7812,5831909.0968
508,-12422362.3359,5831883.3353
509,-12422517.1562,5831820.7382
510,-12422542.9609,5831820.7382
511,-12422576.0703,5831960.8068
512,-12422612.9141,5831971.8964
513,-12422620.2656,5832071.4069
514,-12422697.6328,5832152.523
515,-12422649.6953,5832207.7841
516,-12422634.9375,5832248.3577
517,-12422623.8203,5832403.145
518,-12422649.5781,5832532.1707
519,-12422561.0859,5832576.3578
520,-12422048.6406,5832742.0322
521,-12421738.9922,5832800.8601
522,-12421484.5937,5832870.7776
523,-12421451.4062,5832896.5547
524,-12421451.3594,5832992.4051
525,-12421473.4453,5833055.0645
526,-12421517.6406,5833114.0793
527,-12421653.9766,5833250.5501
528,-12421694.4844,5833324.3147
529,-12421757.1172,5833386.9897
530,-12421878.7656,5833405.4932
531,-12421897.1875,5833423.9188
532,-12421897.1719,5833446.0513
533,-12421834.5,5833457.0786
534,-12421816.0625,5833471.8128
535,-12421816.0469,5833516.0623
536,-12421875,5833582.4442
537,-12421945.0156,5833630.385
538,-12422339.4219,5833770.6562
539,-12422781.7578,5833874.0607
540,-12422892.375,5833874.1074
541,-12422966.125,5833829.8735
542,-12423062,5833715.6287
543,-12423102.5547,5833704.5858
544,-12423109.9297,5833745.1439
545,-12423025.1016,5833826.2289
546,-12423010.3437,5833859.3887
547,-12423014,5833907.314
548,-12423047.1719,5833951.5634
549,-12423249.9063,5834043.8004
550,-12423338.375,5834054.89
551,-12423404.7422,5834043.8471
552,-12423541.1328,5834132.3616
553,-12423640.6797,5834117.6585
554,-12423813.9531,5834125.0724
555,-12424068.3437,5834110.3693
556,-12424035.1484,5834180.427
557,-12423994.5937,5834195.1613
558,-12424001.9375,5834243.1021
559,-12424046.1797,5834261.5277
560,-12424219.4453,5834309.4996
561,-12424333.7344,5834324.265
562,-12424462.7812,5834294.781
563,-12424499.6484,5834298.4879
564,-12424543.875,5834364.8543
565,-12424577.0625,5834383.2955
566,-12424588.1172,5834431.2207
567,-12424669.2109,5834479.1771
568,-12424849.8594,5834523.4577
569,-12424901.4687,5834552.9418
570,-12425074.7422,5834586.1328
571,-12425104.2422,5834619.3238
572,-12425192.7266,5834667.2958
573,-12425336.5234,5834589.8553
574,-12425458.1953,5834589.8553
575,-12425528.2344,5834604.6207
576,-12425520.8672,5834663.62
577,-12425546.6641,5834693.1041
578,-12425601.9687,5834693.1352
579,-12425642.5391,5834678.3698
580,-12425731.0234,5834571.4297
581,-12425801.0625,5834523.52
582,-12425804.75,5834446.0951
583,-12425976.0781,5834371.1467
584,-12425981.7344,5834368.6858
585,-12426084.9688,5834405.5214
586,-12426129.2109,5834435.0366
587,-12426118.1406,5834516.1373
588,-12426129.2031,5834541.9456
589,-12426199.25,5834575.1366
590,-12426236.1172,5834571.4453
591,-12426272.9922,5834505.0788
592,-12426379.8984,5834438.7124
593,-12426510.0937,5834448.7274
594,-12426523.6953,5834449.7709
595,-12426527.3906,5834545.6058
596,-12426564.25,5834586.1795
597,-12426667.5078,5834641.503
598,-12426645.375,5834711.5297
599,-12426708.0625,5834847.9383
600,-12426704.375,5834925.3788
601,-12426582.7187,5835028.6276
602,-12426497.9141,5835069.1857
603,-12426472.1094,5835102.3767
604,-12426475.7891,5835120.8023
605,-12426597.4766,5835165.0518
606,-12426660.1484,5835227.7113
607,-12426704.3984,5835242.4612
608,-12426765.1016,5835239.424
609,-12426778.1484,5835238.7854
610,-12426781.8437,5835327.2688
611,-12426826.0937,5835367.827
612,-12426781.8516,5835426.8263
613,-12426737.6172,5835460.0173
614,-12426689.6797,5835533.7665
615,-12426686,5835614.8828
616,-12426667.5625,5835629.6482
617,-12426645.4375,5835629.6482
618,-12426564.3125,5835482.1498
619,-12426490.5547,5835408.4163
620,-12426453.6875,5835397.3422
621,-12426424.1875,5835430.5332
622,-12426483.1953,5835566.9731
623,-12426597.5078,5835769.7638
624,-12426844.5938,5836013.1128
625,-12426855.6562,5836046.2883
626,-12426859.3516,5836131.1271
627,-12426881.4844,5836153.2441
628,-12426918.3438,5836160.6112
629,-12426918.3672,5836252.8016
630,-12426962.6328,5836326.5508
631,-12427025.3281,5836403.9914
632,-12427025.3281,5836418.7257
633,-12427080.6328,5836481.4164
634,-12427088.0234,5836507.2247
635,-12427183.8984,5836510.9005
636,-12427213.4062,5836529.3417
637,-12427268.7344,5836639.9733
638,-12427294.5469,5836639.9733
639,-12427316.6719,5836614.1494
640,-12427320.3437,5836481.3852
641,-12427294.5156,5836392.8862
642,-12427312.9375,5836341.2539
643,-12427305.5625,5836289.6373
644,-12427320.3203,5836263.8134
645,-12427383,5836241.6808
646,-12427434.625,5836241.6653
647,-12427493.6328,5836260.0909
648,-12427530.5156,5836256.4151
649,-12427560,5836226.9154
650,-12427600.5625,5836219.5171
651,-12427607.9297,5836156.8264
652,-12427677.9922,5836160.5022
653,-12427714.8672,5836178.9278
654,-12427755.4453,5836223.1773
655,-12427821.8359,5836337.4847
656,-12428057.9219,5836661.9501
657,-12428128,5836735.6838
658,-12428183.3203,5836724.5942
659,-12428223.8828,5836621.3452
660,-12428257.0547,5836577.0801
661,-12428323.4219,5836551.2406
662,-12428363.9844,5836518.034
663,-12428411.9062,5836529.0769
664,-12428400.8516,5836558.5922
665,-12428338.1797,5836602.8729
666,-12428308.6797,5836636.0795
667,-12428308.7109,5836743.0198
668,-12428290.2891,5836794.652
669,-12428242.3672,5836861.0341
670,-12428157.5547,5836931.1388
671,-12428157.5625,5836979.0641
672,-12428231.3359,5837049.122
673,-12428279.3047,5837141.328
674,-12428338.3359,5837181.8706
675,-12428412.1172,5837255.6199
676,-12428463.7734,5837366.236
677,-12428482.2187,5837380.9859
678,-12428526.4766,5837362.5291
679,-12428537.5156,5837296.147
680,-12428563.3203,5837273.9988
681,-12428626.0156,5837262.9092
682,-12428677.6719,5837318.2328
683,-12428688.75,5837369.8495
684,-12428707.2031,5837395.6734
685,-12428751.4453,5837395.6734
686,-12428766.2109,5837443.5832
687,-12428799.4219,5837484.157
688,-12428873.2031,5837539.465
689,-12428843.7266,5837616.9213
690,-12428795.8047,5837675.9363
691,-12428651.9687,5837683.3813
692,-12428644.625,5837794.013
693,-12428534,5837945.2653
694,-12428534.0156,5837978.4563
695,-12428629.9375,5838085.4123
696,-12428666.8438,5838085.3811
697,-12428740.5859,5838026.335
698,-12428792.2187,5838018.9367
699,-12428821.7109,5837974.6871
700,-12428869.6484,5837945.1718
701,-12428869.6328,5837886.1412
702,-12428854.8672,5837867.7156
703,-12428869.6094,5837819.7591
704,-12428950.7578,5837856.6103
705,-12429065.1094,5837871.3291
706,-12429042.9766,5837919.27
707,-12429006.1094,5837952.4922
708,-12429009.8203,5838015.183
709,-12429043.0469,5838096.3306
710,-12429043.0781,5838181.1696
711,-12429068.9141,5838225.4036
712,-12429153.7578,5838284.4031
713,-12429275.4766,5838284.3563
714,-12429301.3203,5838317.5318
715,-12429293.9531,5838335.9731
716,-12429198.0625,5838369.2109
717,-12428958.3047,5838387.7456
718,-12428950.9531,5838424.628
719,-12429050.5625,5838483.6119
720,-12429120.6719,5838549.9785
721,-12429253.4609,5838601.5797
722,-12429304.1094,5838646.2498
723,-12429316.1953,5838656.8878
724,-12429308.8281,5838693.7702
725,-12429260.9141,5838752.8009
726,-12429131.8281,5838848.7607
727,-12429094.9609,5838893.0259
728,-12429021.25,5839044.3094
729,-12429021.2656,5839173.4136
730,-12429061.8906,5839291.4437
731,-12429102.4844,5839339.4003
732,-12429157.8359,5839372.5758
733,-12429143.0859,5839402.0912
734,-12429106.1953,5839416.841
735,-12429076.6953,5839450.0477
736,-12429087.8047,5839542.2695
737,-12429073.0703,5839605.0071
738,-12429073.1328,5839789.4663
739,-12429047.3359,5839844.79
740,-12429043.6406,5839877.9967
741,-12429076.8594,5839900.1293
742,-12429290.8516,5839944.3166
743,-12429338.8359,5840018.0816
744,-12429394.2031,5840062.3469
745,-12429394.2031,5840106.6121
746,-12429431.125,5840136.1118
747,-12429497.5312,5840136.0807
748,-12429541.7891,5840117.6083
749,-12429593.4219,5840073.3119
750,-12429674.5703,5840043.7654
751,-12429757.9297,5840043.7343
752,-12429774.1641,5840043.7343
753,-12429781.5625,5840069.5583
754,-12429800.0078,5840087.9995
755,-12429796.3359,5840117.5148
756,-12429715.1875,5840169.194
757,-12429685.7031,5840209.7678
758,-12429674.6641,5840279.8882
759,-12429652.5391,5840302.0208
760,-12429608.2734,5840316.8174
761,-12429593.5547,5840394.2738
762,-12429608.3125,5840409.0392
763,-12429822.3047,5840456.9024
764,-12429840.7578,5840479.035
765,-12429829.7109,5840497.4763
766,-12429693.2187,5840534.4366
767,-12429682.1484,5840549.2177
768,-12429693.2422,5840578.733
769,-12429770.75,5840656.1738
770,-12429866.6875,5840667.2012
771,-12429888.8203,5840689.3183
772,-12429925.7578,5840774.1574
773,-12429995.8828,5840847.9224
774,-12430077.0859,5840881.0824
775,-12430051.2812,5840958.57
776,-12430066.0469,5840991.7767
777,-12430066.0859,5841065.5885
778,-12430099.3281,5841117.2209
779,-12430091.9609,5841168.8689
780,-12430055.1094,5841235.2979
781,-12430069.8906,5841316.4613
782,-12430069.9375,5841393.9488
783,-12430084.6953,5841412.3901
784,-12430243.3984,5841489.7998
785,-12430390.9687,5841474.972
786,-12430468.4453,5841456.4841
787,-12430597.6172,5841493.3043
788,-12430641.8828,5841460.0664
789,-12430708.2891,5841441.594
790,-12430812.5313,5841447.6684
791,-12430833.7266,5841448.8988
792,-12430822.7266,5841541.1675
793,-12430771.0781,5841585.4639
794,-12430752.6641,5841637.1275
795,-12430708.4062,5841666.6896
796,-12430708.4453,5841729.4117
797,-12430730.6016,5841769.9856
798,-12430730.6406,5841829.0319
799,-12430863.5391,5841958.0897
800,-12430852.4922,5841987.6206
801,-12430789.7812,5842031.9482
802,-12430738.1641,5842098.3929
803,-12430730.7969,5842146.3651
804,-12430741.8906,5842194.3218
805,-12430771.4375,5842238.5871
806,-12430778.8672,5842334.5316
807,-12430797.3438,5842375.1211
808,-12430867.5,5842430.4293
809,-12430878.6094,5842489.4601
810,-12430908.1328,5842530.034
811,-12430915.5391,5842563.2564
812,-12430930.3281,5842596.4632
813,-12430959.8516,5842622.2872
814,-12431000.5,5842707.142
815,-12431007.8984,5842747.7315
816,-12431052.2266,5842825.188
817,-12431118.6641,5842854.6723
818,-12431166.6797,5842902.6134
819,-12431199.9062,5842921.0547
820,-12431211.0391,5843016.9992
821,-12431222.1016,5843031.7647
822,-12431236.9531,5843175.6815
823,-12431255.4219,5843201.4899
824,-12431255.4531,5843245.7708
825,-12431395.7109,5843293.6808
826,-12431491.6719,5843300.9857
827,-12431513.8359,5843345.251
828,-12431451.1328,5843389.5942
829,-12431421.6641,5843470.7889
830,-12431425.3828,5843515.0698
831,-12431506.6016,5843581.4678
832,-12431536.1719,5843640.4986
833,-12431657.9375,5843607.2295
834,-12431831.3281,5843488.981
835,-12431864.5469,5843485.274
836,-12431890.4219,5843536.9377
837,-12431934.7422,5843570.1289
838,-12432059.8281,5843602.9619
839,-12432074.9844,5843606.9336
840,-12432067.6328,5843632.7732
841,-12431890.5312,5843710.4011
842,-12431901.6406,5843762.0648
843,-12431927.4922,5843787.8732
844,-12432027.1797,5843835.7832
845,-12432067.7969,5843883.7399
846,-12432145.3359,5843920.5914
847,-12432348.3672,5843968.4235
848,-12432329.9531,5844020.1183
849,-12432333.6641,5844068.1062
850,-12432374.3047,5844119.7387
851,-12432470.3047,5844160.266
852,-12432577.3281,5844141.7312
853,-12432651.1562,5844145.3603
854,-12432684.3516,5844119.4895
855,-12432732.3437,5844115.7826
856,-12432765.5469,5844130.5325
857,-12432747.1719,5844215.403
858,-12432710.2891,5844252.3479
859,-12432725.2422,5844518.0958
860,-12432714.1797,5844543.9355
861,-12432717.9141,5844588.2476
862,-12432762.25,5844650.9542
863,-12432983.7578,5844695.0794
864,-12432969.0313,5844735.6846
865,-12432898.9531,5844794.8089
866,-12432898.9922,5844842.7968
867,-12432935.9297,5844879.6794
868,-12433076.2109,5844894.3204
869,-12433116.8281,5844912.7461
870,-12433102.125,5844990.265
871,-12433187.0625,5845045.5578
872,-12433205.5938,5845126.7837
873,-12433257.3047,5845163.6508
874,-12433379.1328,5845196.7486
875,-12433427.1094,5845178.2605
876,-12433511.9375,5845100.6793
877,-12433559.9375,5845100.6325
878,-12433508.4375,5845314.7636
879,-12433471.5937,5845392.3137
880,-12433482.6797,5845407.0793
881,-12433656.1484,5845381.0683
882,-12433663.6016,5845443.8217
883,-12433678.3672,5845451.1889
884,-12433682.1094,5845510.251
885,-12433726.4688,5845576.6802
886,-12433752.3906,5845680.0233
887,-12433822.6328,5845772.2299
888,-12433859.5938,5845831.2608
889,-12433937.0859,5845797.9761
890,-12433962.9609,5845823.7846
891,-12433974.1094,5845927.1432
892,-12434029.5469,5845986.1586
893,-12434048.0547,5846048.8965
894,-12434070.25,5846078.4275
895,-12434125.625,5846100.5135
896,-12434107.2344,5846174.3723
897,-12434129.4297,5846226.036
898,-12434162.6875,5846251.8446
899,-12434284.5156,5846251.7199
900,-12434280.875,5846299.7235
901,-12434262.4531,5846336.6684
902,-12434185,5846406.8826
903,-12434185.0234,5846458.5619
904,-12434221.9844,5846499.136
905,-12434251.5469,5846513.8859
906,-12434365.9688,5846495.3044
907,-12434454.5078,5846436.1488
908,-12434465.5937,5846443.5316
909,-12434458.2422,5846473.0782
910,-12434362.3594,5846580.2373
911,-12434307.0078,5846609.8463
912,-12434281.1953,5846639.3929
913,-12434288.6094,5846672.6153
914,-12434336.6328,5846705.7911
915,-12434440.0156,5846716.7717
916,-12434561.8437,5846705.573
917,-12434609.8828,5846727.659
918,-12434613.7109,5846893.8024
919,-12434665.4609,5846956.5247
920,-12434702.4063,5846967.5521
921,-12434684,5847030.3368
922,-12434639.8047,5847137.4804
923,-12434647.2891,5847255.6046
924,-12434695.3984,5847355.2409
925,-12434739.75,5847395.8149
926,-12434802.5391,5847406.8268
927,-12434835.7813,5847425.2526
928,-12434920.7109,5847432.5574
929,-12434869.1484,5847565.5252
930,-12434869.1953,5847606.1615
931,-12434799.1016,5847669.0085
932,-12434799.1328,5847705.9224
933,-12434850.8672,5847739.0981
934,-12434832.4766,5847816.6639
935,-12434780.8047,5847842.5504
936,-12434692.2109,5847853.718
937,-12434692.2578,5847916.5027
938,-12434751.4453,5848012.432
939,-12434766.2734,5848071.5097
940,-12434847.5938,5848163.7477
941,-12434892.0625,5848315.0945
942,-12434921.6484,5848363.067
943,-12434910.6641,5848448.0156
944,-12434925.4766,5848496.0036
945,-12434921.875,5848580.9367
946,-12435014.2266,5848614.0969
947,-12435084.5234,5848743.2643
948,-12435058.7656,5848828.2129
949,-12434999.7734,5848924.298
950,-12434970.375,5849060.9573
951,-12434926.1172,5849105.3162
952,-12434918.7734,5849142.2769
953,-12434889.2734,5849182.9289
954,-12434893,5849223.5341
955,-12434952.1328,5849275.1824
956,-12435110.8906,5849241.773
957,-12435107.3516,5849382.1081
958,-12435136.9375,5849415.3151
959,-12435218.2031,5849448.4753
960,-12435203.5,5849503.8928
961,-12435203.5703,5849570.3534
962,-12435222.0469,5849585.1034
963,-12435222.125,5849651.6107
964,-12435233.2266,5849666.3607
965,-12435192.7266,5849780.9029
966,-12435178.0781,5849910.1638
967,-12435163.3359,5849939.7261
968,-12435178.1719,5849998.8039
969,-12435200.5,5850146.5375
970,-12435200.5625,5850224.0878
971,-12435171.0625,5850261.0641
972,-12435171.1641,5850357.0714
973,-12435134.3125,5850442.0669
974,-12435152.8594,5850508.5431
975,-12435156.6641,5850611.9644
976,-12435186.2578,5850663.6439
977,-12435197.3906,5850711.6632
978,-12435223.2969,5850755.9443
979,-12435323.1328,5850862.9635
980,-12435422.9453,5850933.0221
981,-12435489.4609,5850958.7996
982,-12435674.3594,5851158.0881
983,-12435759.4141,5851228.1623
984,-12435844.5078,5851346.2714
985,-12436018.1875,5851394.1038
986,-12436047.75,5851423.6038
987,-12436121.6719,5851460.471
988,-12436151.2656,5851489.9866
989,-12436206.7031,5851512.0727
990,-12436265.8125,5851519.3931
991,-12436306.4766,5851548.9087
992,-12436365.5703,5851541.4481
993,-12436439.375,5851482.2611
994,-12436491.0781,5851467.4333
995,-12436483.8125,5851563.4563
996,-12436494.9219,5851581.9132
997,-12436646.4297,5851618.6714
998,-12436742.4297,5851589.0001
999,-12436790.4531,5851600.012
1000,-12436779.4531,5851662.8436
1001,-12436749.9609,5851718.308
1002,-12436750.0547,5851781.1084
1003,-12436768.5469,5851803.2412
1004,-12436857.25,5851840.0773
1005,-12436872.0547,5851858.5187
1006,-12436875.7734,5851895.4638
1007,-12436931.2578,5851947.1122
1008,-12436938.7187,5851995.1159
1009,-12436983.1016,5852039.3971
1010,-12436968.4141,5852113.3029
1011,-12436975.9141,5852198.2674
1012,-12437046.1562,5852242.5174
1013,-12437038.9687,5852397.6807
1014,-12437020.6641,5852523.2972
1015,-12437002.2344,5852571.3477
1016,-12436983.9766,5852733.925
1017,-12436987.8203,5852844.7604
1018,-12437006.375,5852922.3265
1019,-12437054.5469,5853025.7013
1020,-12437128.5625,5853121.6776
1021,-12437583.5859,5853549.6776
1022,-12437620.5937,5853601.3572
1023,-12437624.375,5853671.5561
1024,-12434484.3594,5854336.9741
1025,-12434484.2109,5854188.8196
1026,-12434465.6562,5854114.9292
1027,-12434413.9219,5854100.2104
1028,-12434418.8906,5854083.2486
1029,-12434487.5703,5853848.8835
1030,-12434520.7812,5853804.5088
1031,-12434583.5625,5853778.56
1032,-12434624.1641,5853734.2009
1033,-12434661,5853619.5961
1034,-12434660.9531,5853560.487
1035,-12434550.1328,5853593.8498
1036,-12434527.9297,5853556.9202
1037,-12434498.3594,5853549.5685
1038,-12434424.5234,5853605.0486
1039,-12434343.25,5853619.9388
1040,-12434346.8828,5853564.5055
1041,-12434387.4063,5853438.8265
1042,-12434302.4062,5853405.6506
1043,-12434184.1719,5853413.1736
1044,-12434195.2031,5853357.7247
1045,-12434257.9609,5853302.2603
1046,-12434283.7187,5853187.6867
1047,-12434206.0781,5853124.9485
1048,-12434128.4922,5853125.042
1049,-12434032.4297,5853147.2838
1050,-12434036.0781,5853088.1591
1051,-12434069.2266,5852977.277
1052,-12433932.4844,5852940.4876
1053,-12433921.3672,5852903.5269
1054,-12433961.9844,5852873.9334
1055,-12434054.2266,5852733.4733
1056,-12434065.2656,5852685.4228
1057,-12434039.3906,5852666.9814
1058,-12434039.3516,5852637.4346
1059,-12434083.6406,5852589.3374
1060,-12434083.6094,5852548.7009
1061,-12434057.7187,5852515.4783
1062,-12433961.4766,5852312.3736
1063,-12433935.5859,5852282.858
1064,-12433869.0938,5852271.8305
1065,-12433717.7031,5852371.7163
1066,-12433570.0469,5852497.4575
1067,-12433551.6563,5852604.6326
1068,-12433536.9062,5852637.8863
1069,-12433444.6172,5852722.9287
1070,-12433444.7031,5852807.9087
1071,-12433167.6016,5852804.4354
1072,-12433023.5312,5852826.7395
1073,-12432920.1016,5852848.9814
1074,-12432883.1875,5852893.356
1075,-12432801.9297,5852926.6565
1076,-12432694.7891,5852937.8242
1077,-12432689.7969,5852934.5066
1078,-12432650.4375,5852908.3241
1079,-12432654.0938,5852878.7462
1080,-12432716.8594,5852815.899
1081,-12432764.8359,5852734.5792
1082,-12433001.125,5852527.4871
1083,-12433063.7891,5852357.5114
1084,-12433148.6641,5852257.6724
1085,-12433218.7422,5852109.8607
1086,-12433266.6875,5852013.7443
1087,-12433274.0312,5851958.3266
1088,-12433322.0234,5851910.2605
1089,-12433329.3828,5851880.7294
1090,-12433399.5313,5851836.3236
1091,-12433399.4922,5851791.9957
1092,-12433355.1172,5851736.6248
1093,-12433355.0625,5851677.5313
1094,-12433373.4844,5851633.1722
1095,-12433366.0859,5851607.3169
1096,-12433336.5234,5851592.5669
1097,-12433196.1563,5851585.3087
1098,-12433177.6328,5851529.9066
1099,-12433048.3437,5851530.0001
1100,-12432930.0938,5851478.3828
1101,-12432815.4844,5851375.0549
1102,-12432852.2812,5851197.7278
1103,-12432819.0469,5851197.7434
1104,-12432763.6563,5851219.954
1105,-12432711.9766,5851268.0045
1106,-12432682.4609,5851323.4377
1107,-12432586.4453,5851341.9881
1108,-12432534.6953,5851290.3086
1109,-12432667.4297,5850991.0097
1110,-12432667.3984,5850950.3733
1111,-12432589.8203,5850928.2716
1112,-12432538.1328,5850961.5253
1113,-12432497.5469,5851009.5913
1114,-12432438.5312,5851116.7819
1115,-12432412.75,5851242.3828
1116,-12432386.9063,5851249.7811
1117,-12432301.9141,5851227.6795
1118,-12432261.3047,5851238.7848
1119,-12432242.8516,5851260.9799
1120,-12432239.1875,5851323.7648
1121,-12432213.3516,5851353.3427
1122,-12432146.875,5851379.2292
1123,-12432150.75,5851359.3704
1124,-12432180.0078,5851209.316
1125,-12432168.8672,5851116.9844
1126,-12432261.1797,5851087.3442
1127,-12432283.3281,5851061.4577
1128,-12432216.6719,5850821.4237
1129,-12432135.3437,5850743.92
1130,-12432120.4922,5850636.8229
1131,-12431917.25,5850478.1086
1132,-12431902.4219,5850404.2652
1133,-12431824.8672,5850400.6049
1134,-12431769.4844,5850430.1828
1135,-12431747.3437,5850459.7606
1136,-12431758.4844,5850563.1975
1137,-12431684.6094,5850566.9512
1138,-12431669.7969,5850485.6783
1139,-12431625.4531,5850445.073
1140,-12431625.4297,5850419.2176
1141,-12431684.4922,5850378.55
1142,-12431695.5469,5850341.6049
1143,-12431673.2969,5850201.2542
1144,-12431758.2344,5850182.7661
1145,-12431824.6719,5850138.3915
1146,-12431968.6953,5850090.2788
1147,-12431979.7422,5850060.7321
1148,-12431961.2578,5850027.494
1149,-12431964.9297,5849997.9317
1150,-12431964.9062,5849953.6194
1151,-12431924.2422,5849905.6314
1152,-12431916.8359,5849872.4088
1153,-12431883.5781,5849850.2605
1154,-12431809.7031,5849846.6158
1155,-12431713.6875,5849865.1507
1156,-12431662.0078,5849891.0216
1157,-12431573.375,5849905.865
1158,-12431529.0937,5849953.9154
1159,-12431425.7187,5849998.29
1160,-12431374.0234,5850038.9576
1161,-12431255.8672,5850090.7305
1162,-12431045.3516,5850105.6362
1163,-12431030.6016,5850135.1985
1164,-12431026.9531,5850205.3817
1165,-12430949.3906,5850223.8854
1166,-12430919.8594,5850271.9046
1167,-12430809.0625,5850279.3653
1168,-12430783.2109,5850297.8378
1169,-12430761.0859,5850342.1812
1170,-12430727.8594,5850364.3607
1171,-12430650.3594,5850478.9185
1172,-12430583.8516,5850456.7702
1173,-12430591.2344,5850434.6062
1174,-12430639.2344,5850401.337
1175,-12430646.5937,5850357.0091
1176,-12430731.4687,5850224.01
1177,-12430716.6641,5850161.2252
1178,-12430742.5078,5850127.9715
1179,-12430749.8594,5850083.6436
1180,-12430805.2734,5850079.9055
1181,-12430886.4922,5849998.6326
1182,-12430945.5547,5849954.258
1183,-12430978.75,5849887.7507
1184,-12431063.6719,5849850.7901
1185,-12431163.3672,5849843.3294
1186,-12431226.125,5849791.5876
1187,-12431229.75,5849662.3267
1188,-12431262.9766,5849651.2369
1189,-12431325.7969,5849669.6627
1190,-12431384.875,5849647.4677
1191,-12431458.7187,5849643.714
1192,-12431562.0703,5849562.3944
1193,-12431565.7422,5849506.9924
1194,-12431536.1797,5849477.4612
1195,-12431521.3516,5849403.6179
1196,-12431440.0547,5849322.4229
1197,-12431403.1328,5849333.5282
1198,-12431362.5625,5849418.4925
1199,-12431344.1094,5849433.258
1200,-12431307.1719,5849433.2892
1201,-12431281.3125,5849418.5236
1202,-12431218.5078,5849414.8789
1203,-12431152.0781,5849462.9293
1204,-12431044.9844,5849470.3744
1205,-12430982.1875,5849448.2572
1206,-12430856.6641,5849518.5026
1207,-12430753.25,5849518.5649
1208,-12430734.7812,5849503.7994
1209,-12430745.8437,5849485.3269
1210,-12430830.7812,5849470.5146
1211,-12430952.6094,5849400.2691
1212,-12430967.3594,5849363.3241
1213,-12431011.6641,5849337.4376
1214,-12431022.7031,5849289.434
1215,-12431122.4062,5849263.5164
1216,-12431148.2266,5849226.5869
1217,-12431155.5781,5849149.0366
1218,-12431284.8594,5849163.7243
1219,-12431329.1484,5849134.1465
1220,-12431388.1797,5849038.1081
1221,-12431377.0547,5848982.6905
1222,-12431336.4219,5848949.4836
1223,-12431314.2266,5848890.4058
1224,-12431251.4219,5848842.4333
1225,-12431033.5234,5848842.5891
1226,-12430948.6016,5848872.1669
1227,-12430719.6719,5848901.8382
1228,-12430638.4453,5848927.7246
1229,-12430597.8594,5848986.8492
1230,-12430575.7031,5848994.2475
1231,-12430549.8438,5848975.7906
1232,-12430527.6641,5848931.4783
1233,-12430501.7969,5848909.3456
1234,-12430468.5469,5848905.6698
1235,-12430424.2422,5848920.4665
1236,-12430409.4844,5848942.6304
1237,-12430339.3281,5848972.1926
1238,-12430324.5937,5849020.2274
1239,-12430173.2031,5849083.09
1240,-12429977.5,5849086.8749
1241,-12429918.3672,5849035.1954
1242,-12429885.125,5849031.5196
1243,-12429719,5849164.5342
1244,-12429626.6875,5849168.2723
1245,-12429696.7969,5849064.8512
1246,-12429730.0156,5848972.5041
1247,-12429752.1484,5848950.3247
1248,-12429848.1484,5848928.1296
1249,-12429885.0625,5848894.8604
1250,-12429903.5234,5848850.5637
1251,-12429984.7344,5848772.9667
1252,-12430139.8125,5848750.7249
1253,-12430187.7891,5848680.5574
1254,-12430328.0859,5848632.4603
1255,-12430442.5234,5848540.0978
1256,-12430686.25,5848543.6646
1257,-12430944.6953,5848465.9585
1258,-12430981.6094,5848421.6152
1259,-12430981.5781,5848358.846
1260,-12430959.4062,5848329.3149
1261,-12430907.6875,5848318.2719
1262,-12430881.8125,5848296.1236
1263,-12430878.1016,5848266.5925
1264,-12430951.9297,5848200.0852
1265,-12430955.5937,5848152.0816
1266,-12430863.2422,5848059.8281
1267,-12430800.4219,5848026.6368
1268,-12430800.4219,5847985.9848
1269,-12430903.75,5847886.2395
1270,-12430900,5847782.8496
1271,-12430885.2188,5847749.6271
1272,-12430885.1563,5847661.0183
1273,-12430866.6953,5847635.1786
1274,-12430870.3281,5847535.4801
1275,-12430818.6016,5847487.5077
1276,-12430770.6094,5847483.8474
1277,-12430689.4141,5847546.6633
1278,-12430659.9141,5847668.5101
1279,-12430567.6797,5847794.1107
1280,-12430405.3672,5848067.4445
1281,-12430302.0156,5848156.1313
1282,-12429999.3047,5848337.1961
1283,-12429840.5781,5848488.6831
1284,-12429733.5156,5848547.8232
1285,-12429685.5312,5848592.151
1286,-12429500.9141,5848658.705
1287,-12429212.9219,5848806.5318
1288,-12429120.6094,5848843.4613
1289,-12428965.5234,5848839.8478
1290,-12428566.6875,5848891.683
1291,-12428503.8984,5848865.8433
1292,-12428470.6797,5848832.6363
1293,-12428463.2812,5848817.8396
1294,-12428470.6641,5848799.3827
1295,-12428670.0469,5848747.6254
1296,-12428766.0625,5848706.9734
1297,-12428832.5078,5848636.7903
1298,-12428825.1016,5848551.8573
1299,-12428843.5391,5848496.4553
1300,-12428909.9844,5848411.5067
1301,-12429065.0156,5848274.8163
1302,-12429411.9766,5847898.0302
1303,-12429478.4297,5847864.7766
1304,-12429519.0234,5847820.4644
1305,-12429581.8047,5847790.8865
1306,-12429633.4844,5847750.2502
1307,-12429648.2109,5847676.3913
1308,-12429677.7187,5847606.2238
1309,-12429751.5469,5847569.2789
1310,-12429817.9609,5847469.5492
1311,-12429958.1328,5847137.1844
1312,-12429961.7891,5847048.5757
1313,-12429928.5391,5846971.0255
1314,-12429895.2812,5846937.8186
1315,-12429817.7422,5846934.1739
1316,-12429563.0156,5847030.2901
1317,-12429522.4297,5847082.0006
1318,-12429492.8984,5847093.0747
1319,-12429448.5781,5847056.1765
1320,-12429411.6797,5847100.5042
1321,-12429374.7656,5847115.2853
1322,-12429326.7656,5847115.3009
1323,-12429264.0078,5847133.7734
1324,-12429249.2266,5847115.3321
1325,-12429201.2266,5847111.6563
1326,-12429134.7891,5847163.3668
1327,-12429090.4922,5847174.4565
1328,-12429068.3281,5847167.0893
1329,-12428983.4141,5847185.5618
1330,-12428961.2656,5847204.0499
1331,-12428880.0391,5847211.4482
1332,-12428758.2031,5847255.8071
1333,-12428761.8906,5847226.2761
1334,-12428839.4141,5847141.3119
1335,-12428839.3906,5847082.2342
1336,-12428994.4609,5847089.5858
1337,-12429027.6797,5847074.8047
1338,-12429075.6641,5847023.0786
1339,-12429175.3281,5846971.3681
1340,-12429319.3125,5846919.6109
1341,-12429378.3281,5846794.0416
1342,-12429566.625,5846805.069
1343,-12429658.8984,5846742.2532
1344,-12429684.7266,5846686.8669
1345,-12429688.375,5846613.0237
1346,-12429677.2891,5846594.5667
1347,-12429596.0469,5846539.2272
1348,-12429584.9609,5846487.5478
1349,-12429525.875,5846450.634
1350,-12429352.3516,5846439.6377
1351,-12429278.4844,5846391.6654
1352,-12429267.4219,5846365.8257
1353,-12429381.8359,5846325.1738
1354,-12429389.2031,5846277.1702
1355,-12429274.6563,5845989.2893
1356,-12429208.1562,5845878.5478
1357,-12429197.0156,5845701.346
1358,-12429182.2344,5845645.9909
1359,-12429149,5845609.0927
1360,-12429119.4219,5845487.2772
1361,-12429100.9531,5845468.8203
1362,-12428975.4531,5845465.1756
1363,-12428864.7266,5845513.1947
1364,-12428864.7109,5845472.6051
1365,-12428923.75,5845402.4222
1366,-12428931.1172,5845350.7429
1367,-12428916.3359,5845313.8447
1368,-12428872.0156,5845269.5637
1369,-12428794.4922,5845214.2242
1370,-12428790.7969,5845192.0603
1371,-12428731.7031,5845129.3381
1372,-12428728,5845077.6588
1373,-12428679.9766,5844981.6985
1374,-12428654.1328,5844904.1952
1375,-12428606.1406,5844889.4297
1376,-12428458.5078,5845011.2919
1377,-12428369.9297,5845055.604
1378,-12428104.1719,5845114.7439
1379,-12428074.6562,5845147.9819
1380,-12428063.6094,5845325.168
1381,-12427971.3672,5845517.1509
1382,-12427916.0156,5845583.6113
1383,-12427834.8203,5845642.6889
1384,-12427738.8359,5845675.9269
1385,-12427646.5625,5845687.0322
1386,-12427602.2578,5845731.3443
1387,-12427321.7266,5845842.1325
1388,-12427162.9844,5845856.9136
1389,-12426937.7891,5845838.4878
1390,-12426797.5078,5845805.281
1391,-12426731.0391,5845727.762
1392,-12426539.0859,5845709.3207
1393,-12426491.1016,5845690.8793
1394,-12426435.7109,5845572.7552
1395,-12426387.7344,5845506.2948
1396,-12426336.0391,5845502.619
1397,-12426354.5,5845436.1586
1398,-12426413.5547,5845380.7723
1399,-12426491.0781,5845366.0068
1400,-12426609.1953,5845288.4723
1401,-12426731.0078,5845244.1913
1402,-12426760.5391,5845218.3205
1403,-12426967.2188,5844893.4793
1404,-12427077.9375,5844779.0154
1405,-12427199.7422,5844716.2776
1406,-12427258.7891,5844642.4345
1407,-12427439.6406,5844579.6655
1408,-12427498.6875,5844509.5138
1409,-12427498.6562,5844361.8587
1410,-12427483.8984,5844306.5037
1411,-12427424.8281,5844210.559
1412,-12427321.4688,5844092.4662
1413,-12427303,5844055.5524
1414,-12427229.1719,5843963.2992
1415,-12426797.3437,5843970.7442
1416,-12426896.9844,5843937.4907
1417,-12426908.0625,5843907.9753
1418,-12427011.4141,5843856.2961
1419,-12427048.3125,5843823.0581
1420,-12427052,5843789.8513
1421,-12427029.8438,5843752.9376
1422,-12426741.9297,5843446.647
1423,-12426594.2969,5843317.4801
1424,-12426476.1953,5843258.4492
1425,-12426321.1953,5843162.4891
1426,-12426310.1172,5843096.0756
1427,-12426129.2812,5842852.5073
1428,-12426066.5391,5842804.5194
1429,-12425959.5391,5842793.4609
1430,-12425697.5078,5842811.8866
1431,-12425509.2969,5842896.7882
1432,-12425435.4844,5842944.7449
1433,-12425335.8281,5843055.4705
1434,-12425387.5,5842944.7293
1435,-12425409.6641,5842900.464
1436,-12425468.7109,5842834.0504
1437,-12425476.0938,5842789.7695
1438,-12425465.0234,5842774.9885
1439,-12425402.2891,5842767.6213
1440,-12425132.875,5842878.3002
1441,-12425044.3047,5842889.3743
1442,-12425033.2266,5842881.976
1443,-12425037.875,5842870.8395
1444,-12425051.6797,5842837.6951
1445,-12425321.1016,5842675.3526
1446,-12425335.8594,5842634.7631
1447,-12425324.7969,5842612.6148
1448,-12425243.6172,5842542.4944
1449,-12425225.1797,5842501.9204
1450,-12425203.0312,5842387.4879
1451,-12425191.9688,5842369.0311
1452,-12425195.6797,5842287.8677
1453,-12425369.1172,5842066.4789
1454,-12425376.5078,5842014.7997
1455,-12425321.1562,5841941.0035
1456,-12425251.0469,5841915.1483
1457,-12425210.4687,5841874.5744
1458,-12425158.8125,5841852.4262
1459,-12424970.6172,5841870.8519
1460,-12424723.3906,5841918.793
1461,-12424697.5547,5841944.6325
1462,-12424594.2266,5841977.8237
1463,-12424524.1172,5842014.7218
1464,-12424454,5842029.4562
1465,-12424346.9844,5841988.8511
1466,-12424302.7031,5841944.5702
1467,-12424236.3047,5841918.6995
1468,-12424313.8281,5841815.4035
1469,-12424413.4609,5841778.5209
1470,-12424494.6406,5841730.5643
1471,-12424657.0234,5841579.3116
1472,-12424693.9219,5841531.355
1473,-12424697.6172,5841483.3983
1474,-12424605.3828,5841354.2316
1475,-12424491.0234,5841313.611
1476,-12424402.4844,5841217.6666
1477,-12424317.6172,5841180.7529
1478,-12424284.4219,5841154.9289
1479,-12424236.4844,5841066.3672
1480,-12424048.3281,5840981.4658
1481,-12424011.4453,5840948.2435
1482,-12423996.7109,5840833.8734
1483,-12423911.8594,5840767.4288
1484,-12423823.3281,5840682.5741
1485,-12423756.9219,5840675.1758
1486,-12423683.1328,5840675.1447
1487,-12423664.6875,5840693.5859
1488,-12423616.7187,5840704.6444
1489,-12423568.7656,5840660.3636
1490,-12423465.4844,5840616.0516
1491,-12423461.8125,5840553.3296
1492,-12423439.6797,5840531.197
1493,-12423443.3984,5840409.4286
1494,-12423399.1328,5840354.0893
1495,-12423369.6875,5840165.9231
1496,-12423388.1484,5840092.1426
1497,-12423332.8203,5840047.8618
1498,-12423284.8984,5839992.4913
1499,-12423214.8437,5839822.782
1500,-12423192.7344,5839734.236
1501,-12423122.6875,5839656.7329
1502,-12423115.3047,5839634.6159
1503,-12423067.3594,5839597.7023
1504,-12423026.7812,5839612.4366
1505,-12423004.625,5839660.3931
1506,-12422956.6484,5839715.7169
1507,-12422871.7969,5839767.3181
1508,-12422620.8906,5839822.5639
1509,-12422624.3516,5839790.9303
1510,-12422639.4141,5839652.8858
1511,-12422539.8359,5839571.6914
1512,-12422429.2109,5839501.5399
1513,-12422370.1875,5839483.0675
1514,-12422270.5859,5839475.6536
1515,-12422255.8438,5839446.1383
1516,-12422263.2422,5839387.1077
1517,-12422193.1875,5839335.4442
1518,-12422156.3437,5839228.4414
1519,-12422130.5391,5839173.0865
1520,-12422045.7187,5839110.3489
1521,-12422012.5625,5839047.6425
1522,-12421824.5312,5838859.4142
1523,-12421699.1797,5838711.8221
1524,-12421654.8984,5838704.4082
1525,-12421503.6406,5838763.361
1526,-12421437.25,5838774.3727
1527,-12421407.75,5838763.2987
1528,-12421282.3828,5838671.0146
1529,-12421090.6406,5838578.6995
1530,-12420828.8359,5838408.8657
1531,-12420799.3203,5838405.1588
1532,-12420714.4453,5838493.6424
1533,-12420659.0937,5838526.8024
1534,-12420618.5156,5838526.7868
1535,-12420452.5859,5838423.3976
1536,-12420419.4062,5838419.675
1537,-12420378.8125,5838463.9246
1538,-12420330.7734,5838585.6305
1539,-12420268.0313,5838618.7749
1540,-12420175.8203,5838618.7126
1541,-12420009.8906,5838530.0888
1542,-12419902.9297,5838522.6282
1543,-12419781.2109,5838540.9915
1544,-12419782.5234,5838526.6778
1545,-12419784.9219,5838500.4021
1546,-12419818.1484,5838445.1096
1547,-12419825.5781,5838386.0946
1548,-12419810.8516,5838345.5208
1549,-12419777.6641,5838312.2829
1550,-12419689.1797,5838264.2953
1551,-12419692.9297,5838201.5889
1552,-12419737.2656,5838087.2813
1553,-12419840.6328,5837954.5637
1554,-12419921.8672,5837799.698
1555,-12420021.6406,5837548.9504
1556,-12420080.7344,5837427.2914
1557,-12420390.7969,5837014.4357
1558,-12420464.6484,5836874.3511
1559,-12420468.3672,5836837.4842
1560,-12420416.75,5836807.9534
1561,-12420387.3047,5836715.7318
1562,-12420298.8281,5836660.3615
1563,-12420295.1797,5836627.1704
1564,-12420328.3672,5836623.4946
1565,-12420413.1719,5836641.9826
1566,-12420442.6875,5836597.7486
1567,-12420439.1484,5836380.1611
1568,-12420391.2266,5836343.2632
1569,-12420310.0937,5836343.2009
1570,-12420188.3516,5836420.5791
1571,-12420099.8359,5836442.6338
1572,-12420081.375,5836468.4266
1573,-12420066.5859,5836545.8671
1574,-12420003.8203,5836638.0264
1575,-12419882.0937,5836682.1825
1576,-12419907.9531,5836604.7731
1577,-12419966.9766,5836575.3045
1578,-12420000.1953,5836534.7619
1579,-12420037.2187,5836361.4552
1580,-12420129.4453,5836302.5337
1581,-12420136.8516,5836258.2841
1582,-12420125.7969,5836232.4602
1583,-12420052.0781,5836173.4141
1584,-12419956.2422,5836140.1608
1585,-12419852.9922,5836132.7158
1586,-12419734.9531,5836173.1961
1587,-12419635.375,5836184.1923
1588,-12419546.8828,5836169.3646
1589,-12419469.4297,5836191.4348
1590,-12419428.8828,5836184.0365
1591,-12419417.8359,5836154.5213
1592,-12419141.2109,5836213.3026
1593,-12418978.8906,5836301.677
1594,-12418805.4453,5836456.418
1595,-12418602.5781,5836500.4962
1596,-12418506.6406,5836555.7263
1597,-12418381.2812,5836548.2657
1598,-12418277.9922,5836585.0235
1599,-12418263.2578,5836573.9651
1600,-12418311.2578,5836496.5868
1601,-12418473.5469,5836467.1961
1602,-12418480.9375,5836445.0791
1603,-12418783.4688,5836283.0801
1604,-12418857.2813,5836216.7759
1605,-12418875.7578,5836168.8506
1606,-12418990.1094,5836113.6049
1607,-12418990.1484,5836069.3709
1608,-12419023.3516,5836043.5626
1609,-12419255.6953,5836006.8827
1610,-12419322.1016,5835970.0626
1611,-12419347.9375,5835933.1958
1612,-12419347.9609,5835903.7273
1613,-12419303.7656,5835841.0054
1614,-12419270.6328,5835770.9008
1615,-12419303.9141,5835641.8748
1616,-12419303.9766,5835545.9931
1617,-12419278.2422,5835461.1543
1618,-12419237.7266,5835402.1394
1619,-12419164.0078,5835368.8861
1620,-12419149.2734,5835339.402
1621,-12419001.9141,5835199.1618
1622,-12418965.0547,5835180.705
1623,-12418858.1328,5835162.186
1624,-12418810.1875,5835187.9475
1625,-12418802.7578,5835243.2399
1626,-12418695.8047,5835261.5877
1627,-12418681.0469,5835280.0133
1628,-12418607.2969,5835302.0835
1629,-12418482,5835224.5496
1630,-12418404.5859,5835191.2807
1631,-12418389.8438,5835176.5153
1632,-12418397.2422,5835154.3827
1633,-12418434.1172,5835147.0623
1634,-12418529.9609,5835176.6554
1635,-12418607.3984,5835176.7177
1636,-12418640.5938,5835161.9991
1637,-12418655.3516,5835139.8665
1638,-12418666.5234,5835029.2506
1639,-12418714.4609,5835014.5631
1640,-12418747.625,5835047.7696
1641,-12418780.8047,5835047.8008
1642,-12418836.1328,5835025.7306
1643,-12418943.1484,5834904.1185
1644,-12418946.9766,5834723.4915
1645,-12418895.4141,5834675.5039
1646,-12418902.8828,5834546.4469
1647,-12418913.9609,5834531.7282
1648,-12418917.7109,5834439.5535
1649,-12418928.7891,5834424.8037
1650,-12418932.5312,5834347.3944
1651,-12418951.0156,5834303.176
1652,-12418951.0781,5834247.8837
1653,-12418995.3828,5834155.7246
1654,-12419073.0234,5833871.9113
1655,-12419058.3281,5833820.2947
1656,-12419058.4844,5833602.77
1657,-12419047.4375,5833588.0202
1658,-12419032.8516,5833403.702
1659,-12419047.6562,5833326.2928
1660,-12419032.9141,5833315.2187
1661,-12419047.7422,5833208.3099
1662,-12419073.5938,5833171.4587
1663,-12419195.4844,5832847.1654
1664,-12419199.3438,5832614.9534
1665,-12419180.9922,5832541.2043
1666,-12419140.4844,5832489.5723
1667,-12419081.6094,5832353.1483
1668,-12419041.1562,5832246.2083
1669,-12418938.0703,5832076.5779
1670,-12418908.6016,5832069.1796
1671,-12418893.8594,5832080.2225
1672,-12418842.1562,5832187.0845
1673,-12418672.4844,5832338.087
1674,-12418528.5547,5832522.2336
1675,-12418440.0547,5832584.8463
1676,-12418347.8672,5832614.2369
1677,-12418233.5312,5832691.5527
1678,-12418189.2813,5832709.9471
1679,-12418130.3047,5832706.1934
1680,-12418122.9453,5832691.4592
1681,-12418129.9844,5832677.4259
1682,-12418137.7266,5832661.9907
1683,-12418222.5781,5832584.6438
1684,-12418281.625,5832496.2385
1685,-12418440.2812,5832312.0607
1686,-12418473.5156,5832242.0809
1687,-12418506.8437,5832076.2196
1688,-12418514.3047,5831980.4005
1689,-12418503.2656,5831954.5766
1690,-12418223.3125,5831755.3064
1691,-12418190.1484,5831751.5995
1692,-12418171.6875,5831773.6853
1693,-12418105.3203,5831806.7828
1694,-12417990.9531,5831928.3323
1695,-12417939.3438,5831943.0354
1696,-12417935.7109,5831876.7002
1697,-12417983.6641,5831843.556
1698,-12417998.4297,5831806.6893
1699,-12418171.8359,5831607.8397
1700,-12418175.5625,5831563.6059
1701,-12418149.7734,5831545.1492
1702,-12418053.9766,5831537.7042
1703,-12417987.5859,5831574.493
1704,-12417943.3672,5831578.1376
1705,-12417899.1484,5831563.3567
1706,-12417847.5078,5831614.9108
1707,-12417799.5703,5831629.6139
1708,-12417788.5313,5831618.5555
1709,-12417792.2422,5831581.6888
1710,-12417818.0703,5831552.2203
1711,-12417829.1562,5831519.0606
1712,-12417781.2891,5831471.1198
1713,-12417773.9609,5831437.9289
1714,-12417810.8125,5831426.9016
1715,-12417862.3906,5831452.7722
1716,-12417899.2812,5831412.2609
1717,-12417899.375,5831327.469
1718,-12417877.2891,5831301.6608
1719,-12417859.0391,5831091.5659
1720,-12417877.4922,5831054.7304
1721,-12417881.2109,5831017.8637
1722,-12417837.0625,5830958.8645
1723,-12417881.4375,5830804.1242
1724,-12417881.7266,5830498.2259
1725,-12417848.6094,5830435.5666
1726,-12417811.7891,5830409.7272
1727,-12417774.9375,5830406.0047
1728,-12417634.75,5830545.9173
1729,-12417579.4141,5830615.8815
1730,-12417509.3359,5830663.7287
1731,-12417269.5937,5830880.9414
1732,-12417199.5312,5830928.7731
1733,-12417192.2266,5830869.8051
1734,-12417122.2812,5830799.7008
1735,-12417129.7109,5830759.174
1736,-12417214.6953,5830563.9379
1737,-12417487.8125,5830280.4369
1738,-12417528.4375,5830217.8243
1739,-12417797.7422,5829985.9242
1740,-12417830.9766,5829923.3272
1741,-12417838.4609,5829824.2374
1742,-12417849.75,5829570.1893
1743,-12417827.6875,5829514.8971
1744,-12417750.3359,5829485.3664
1745,-12417654.5,5829525.7998
1746,-12417602.9141,5829536.8115
1747,-12417573.4609,5829507.2964
1748,-12417580.9531,5829396.7744
1749,-12417606.7578,5829382.0713
1750,-12417702.5625,5829371.1064
1751,-12417746.7969,5829341.6691
1752,-12417754.2344,5829286.377
1753,-12417728.5078,5829216.3662
1754,-12417610.75,5829072.5443
1755,-12417537.0937,5829017.2054
1756,-12417481.8437,5829002.4089
1757,-12417434.0156,5828947.1012
1758,-12417360.3203,5828943.3476
1759,-12417205.5,5829027.9368
1760,-12417157.4766,5829134.7363
1761,-12417113.2578,5829145.7636
1762,-12417046.9375,5829130.9671
1763,-12416984.1797,5829259.8679
1764,-12416943.6328,5829252.4385
1765,-12416906.8906,5829163.9866
1766,-12416873.75,5829145.5299
1767,-12416755.8125,5829163.8153
1768,-12416711.6484,5829119.566
1769,-12416556.9688,5829075.1921
1770,-12416498.0234,5829071.454
1771,-12416472.2109,5829086.1571
1772,-12416442.625,5829192.9722
1773,-12416460.9297,5829288.7756
1774,-12416453.5156,5829329.3179
1775,-12416398.2344,5829336.6383
1776,-12416372.4766,5829314.4903
1777,-12416357.8047,5829255.5068
1778,-12416317.2969,5829229.683
1779,-12416269.4531,5829200.1523
1780,-12416269.4844,5829159.6255
1781,-12416313.8047,5829067.5602
1782,-12416284.4609,5828957.0071
1783,-12416218.2734,5828853.7587
1784,-12416140.9453,5828813.1385
1785,-12416093.0625,5828794.6662
1786,-12416107.8594,5828757.8463
1787,-12416174.2187,5828721.0576
1788,-12416181.625,5828695.2806
1789,-12416122.7891,5828599.4149
1790,-12416027.2031,5828437.1987
1791,-12415990.4219,5828374.5239
1792,-12415891.0156,5828322.8297
1793,-12415828.4375,5828296.9748
1794,-12415799,5828267.4752
1795,-12415787.9844,5828237.9757
1796,-12415799.0703,5828219.5658
1797,-12415894.8438,5828212.3233
1798,-12415905.9062,5828197.5891
1799,-12415861.9141,5828050.1539
1800,-12415784.6797,5827943.2454
1801,-12415810.5469,5827876.9572
1802,-12415803.2734,5827814.3136
1803,-12415729.6875,5827729.4908
1804,-12415626.5469,5827725.6905
1805,-12415538.0938,5827758.7567
1806,-12415162.0547,5827960.9233
1807,-12415036.7422,5828001.2943
1808,-12414845.1641,5828015.7949
1809,-12414631.5703,5827952.9021
1810,-12414539.4609,5827960.1446
1811,-12414391.9844,5828055.761
1812,-12414340.4062,5828048.316
1813,-12414281.4844,5828033.4884
1814,-12414215.1172,5828070.2615
1815,-12414174.5313,5828107.0502
1816,-12414089.7812,5828114.3083
1817,-12414064.0234,5828088.469
1818,-12414067.7422,5828066.3677
1819,-12414126.75,5828025.9344
1820,-12414145.2344,5827992.8058
1821,-12414130.5234,5827970.6734
1822,-12413994.2031,5827966.7952
1823,-12413939.0938,5827878.3122
1824,-12413898.5469,5827889.3084
1825,-12413854.3125,5827907.6716
1826,-12413824.8438,5827903.9491
1827,-12413747.5391,5827855.9462
1828,-12413706.9922,5827878.0007
1829,-12413666.3828,5827940.5821
1830,-12413577.8906,5827984.66
1831,-12413548.3437,5828039.8742
1832,-12413481.9531,5828087.6746
1833,-12413441.4297,5828087.6123
1834,-12413441.5234,5828021.3085
1835,-12413478.5,5827925.5831
1836,-12413563.4297,5827789.3776
1837,-12413548.7578,5827737.7924
1838,-12413534.0703,5827697.2345
1839,-12413571.2578,5827454.1362
1840,-12413634.0781,5827317.9308
1841,-12413704.2031,5827229.6037
1842,-12413888.5781,5827100.9367
1843,-12413899.7031,5827042.0156
1844,-12413873.9688,5827005.149
1845,-12413870.3203,5826979.3408
1846,-12413914.5391,5826957.3019
1847,-12413944.0313,5826949.966
1848,-12413977.2813,5826876.3263
1849,-12414069.4687,5826810.1315
1850,-12414128.4922,5826747.597
1851,-12414323.8125,5826677.8979
1852,-12414427.1875,5826486.4628
1853,-12414416.2109,5826434.8932
1854,-12414372.0625,5826386.9371
1855,-12414199.0312,5826335.1495
1856,-12414151.1953,5826290.8691
1857,-12414121.8125,5826231.9013
1858,-12414066.5938,5826202.3707
1859,-12413981.8594,5826216.9803
1860,-12413945.0391,5826205.8751
1861,-12413915.6016,5826180.0358
1862,-12413923.0156,5826150.6143
1863,-12413985.6875,5826110.1654
1864,-12413978.375,5826065.9629
1865,-12413882.7266,5825977.4334
1866,-12413857.0078,5825925.8327
1867,-12413790.7891,5825881.5523
1868,-12413779.7734,5825855.7442
1869,-12413820.3594,5825807.9127
1870,-12413831.4531,5825767.4172
1871,-12413816.7734,5825734.2419
1872,-12413724.7578,5825682.5322
1873,-12413706.3906,5825653.0484
1874,-12413724.8437,5825623.6268
1875,-12413780.1328,5825590.545
1876,-12413813.375,5825520.6279
1877,-12413798.7578,5825439.5589
1878,-12413736.2109,5825387.9271
1879,-12413684.6797,5825365.748
1880,-12413677.3437,5825343.6467
1881,-12413721.625,5825277.4054
1882,-12413714.2891,5825258.9799
1883,-12413625.9531,5825210.9771
1884,-12413552.375,5825155.6384
1885,-12413467.6719,5825159.2051
1886,-12413416.0859,5825177.5371
1887,-12413254.0781,5825140.4837
1888,-12413224.6016,5825144.1127
1889,-12413187.8203,5825118.289
1890,-12413184.1484,5825099.8791
1891,-12413235.7578,5825066.7818
1892,-12413290.9922,5825081.5783
1893,-12413361.0547,5825033.8247
1894,-12413530.4141,5825056.1595
1895,-12413574.5937,5825067.2646
1896,-12413681.3047,5825141.06
1897,-12413747.5859,5825148.5361
1898,-12413788.1406,5825122.8214
1899,-12413814.0156,5825049.1818
1900,-12413799.3906,5824964.4527
1901,-12413781.0234,5824934.9688
1902,-12413736.8672,5824909.1296
1903,-12413622.7188,5824894.2397
1904,-12413608.0078,5824879.4744
1905,-12413597.0703,5824798.4366
1906,-12413608.25,5824699.02
1907,-12413556.8281,5824614.2598
1908,-12413549.5391,5824555.3232
1909,-12413612.2188,5824503.8628
1910,-12413678.5625,5824463.4295
1911,-12413697,5824441.3595
1912,-12413667.9375,5824168.8091
1913,-12413634.9062,5824080.3887
1914,-12413657.2109,5823936.7853
1915,-12413616.9063,5823782.0614
1916,-12413624.375,5823708.4219
1917,-12413668.7031,5823605.392
1918,-12413657.7422,5823546.471
1919,-12413624.6328,5823524.3075
1920,-12413536.2578,5823520.5072
1921,-12413410.9922,5823571.8897
1922,-12413326.2422,5823604.9091
1923,-12413234.2188,5823593.7261
1924,-12413178.9766,5823597.324
1925,-12413156.875,5823586.25
1926,-12413167.9844,5823556.8129
1927,-12413282.2422,5823487.0205
1928,-12413326.5078,5823431.8532
1929,-12413341.3125,5823376.6236
1930,-12413308.2187,5823339.7571
1931,-12413252.9688,5823354.4289
1932,-12413101.8437,5823460.9788
1933,-12413013.4219,5823479.2641
1934,-12412924.9922,5823523.3107
1935,-12412862.4062,5823508.4987
1936,-12412840.4141,5823456.9137
1937,-12412810.9766,5823434.7813
1938,-12412752.0469,5823445.7307
1939,-12412586.2031,5823537.5464
1940,-12412541.9922,5823552.2027
1941,-12412479.3359,5823592.6203
1942,-12412398.2969,5823603.5385
1943,-12412365.1719,5823588.7732
1944,-12412357.8438,5823566.6409
1945,-12412391.0703,5823511.4736
1946,-12412394.8047,5823478.3451
1947,-12412254.9141,5823459.7016
1948,-12412251.2734,5823430.2334
1949,-12412262.3359,5823419.2217
1950,-12412354.4375,5823408.3191
1951,-12412406.1562,5823286.8793
1952,-12412516.7422,5823206.0285
1953,-12412531.5234,5823169.2399
1954,-12412542.6953,5823088.249
1955,-12412601.75,5822988.9104
1956,-12412738.2266,5822827.1154
1957,-12412771.5078,5822749.8469
1958,-12412771.6172,5822668.8404
1959,-12412723.8359,5822609.8416
1960,-12412646.6016,5822554.503
1961,-12412624.5469,5822525.0036
1962,-12412517.8516,5822476.9854
1963,-12412426.0391,5822322.2304
1964,-12412279.0156,5822159.9994
1965,-12412215.1406,5822052.7487
1966,-12412193.0234,5822034.3856
1967,-12412134.1562,5822060.2404
1968,-12412049.6484,5822178.2223
1969,-12412005.5,5822193.0031
1970,-12411994.4297,5822170.9331
1971,-12411990.6641,5822123.0862
1972,-12412060.4375,5822005.1354
1973,-12412104.4844,5821935.1094
1974,-12412111.8047,5821894.614
1975,-12412060.1094,5821798.9824
1976,-12411978.9141,5821673.9294
1977,-12411886.5469,5821464.2253
1978,-12411775.8047,5821272.9623
1979,-12411598.875,5821122.3193
1980,-12411580.4297,5821092.8822
1981,-12411583.9688,5821000.8641
1982,-12411535.9766,5820912.5841
1983,-12411462.1875,5820809.6167
1984,-12411436.25,5820699.2044
1985,-12411377.2734,5820636.7169
1986,-12411299.8828,5820581.6276
1987,-12411274.0625,5820548.5459
1988,-12411270.2344,5820449.1453
1989,-12411240.6797,5820379.2596
1990,-12411089.4531,5820173.356
1991,-12411059.8203,5820040.8582
1992,-12410993.3828,5819912.1452
1993,-12410967.5703,5819886.415
1994,-12410912.2656,5819820.2362
1995,-12410838.1484,5819478.0502
1996,-12410753.2344,5819290.4632
1997,-12410576.1094,5818974.21
1998,-12410568.6094,5818852.755
1999,-12410476.1641,5818543.7288
2000,-12410428.1875,5818459.1558
2001,-12410358.2109,5818400.3752
2002,-12410354.4687,5818367.2625
2003,-12410360.1641,5818349.943
2004,-12410497.3828,5817932.8098
2005,-12410644.1875,5817645.5578
2006,-12410761.4609,5817317.9039
2007,-12411028.9141,5816519.0407
2008,-12411098.4609,5816276.1001
2009,-12411171.3125,5815771.9339
2010,-12411185.5312,5815437.1315
2011,-12411137.2031,5815102.4383
2012,-12411033.8984,5814892.891
2013,-12410941.7734,5814790.0486
2014,-12410835.0156,5814727.6392
2015,-12410592.1875,5814694.8693
2016,-12410010.9453,5814684.652
2017,-12409952,5814614.8444
2018,-12409889.4297,5814592.8524
2019,-12409830.5781,5814592.9303
2020,-12409764.3906,5814615.0936
2021,-12409705.5156,5814604.1288
2022,-12409650.2891,5814567.4027
2023,-12409550.9609,5814563.8672
2024,-12409517.8125,5814534.477
2025,-12409514.0937,5814505.0556
2026,-12409572.8672,5814442.4438
2027,-12409591.2656,5814435.0612
2028,-12409712.7344,5814493.7637
2029,-12409841.4453,5814475.1982
2030,-12410308.7344,5814555.4878
2031,-12410507.4453,5814599.3628
2032,-12410860.5781,5814598.8488
2033,-12411066.4922,5814539.6946
2034,-12411202.4609,5814443.8455
2035,-12411334.6016,5814248.6897
2036,-12411444.5781,5814002.0738
2037,-12411627.5234,5813372.825
2038,-12411711.7969,5813166.7201
2039,-12411880.5234,5812861.1839
2040,-12411990.4297,5812585.1781
2041,-12412008.5859,5812441.7317
2042,-12411978.9375,5812294.672
2043,-12411919.9062,5812169.7133
2044,-12411802.0234,5812048.5393
2045,-12411643.7578,5811953.1732
2046,-12411227.9922,5811806.7053
2047,-12411025.5469,5811670.9376
2048,-12410834.1875,5811582.9696
2049,-12410532.5078,5811487.7749
2050,-12410440.5625,5811473.1967
2051,-12410433.1719,5811447.4667
2052,-12410466.125,5811348.1446
2053,-12410502.8125,5811285.5796
2054,-12410903.75,5811369.5758
2055,-12411095.0859,5811457.5593
2056,-12411242.2812,5811527.1954
2057,-12411680.0781,5811666.2806
2058,-12411926.5625,5811721.0425
2059,-12412161.9141,5811724.3444
2060,-12412213.3672,5811705.888
2061,-12412298.9141,5811691.6835
2062,-12412523.4688,5811544.9198
2063,-12412777.6563,5811240.1004
2064,-12412884.7344,5810953.4416
2065,-12412936.5781,5810703.4933
2066,-12412981.3203,5810284.3844
2067,-12413000.5781,5809696.1464
2068,-12413015.8125,5809328.529
2069,-12412986.7031,5809118.9202
2070,-12412873.25,5808776.8771
2071,-12412799.9375,5808637.0757
2072,-12412642.2891,5808357.4729
2073,-12412558.0547,5808147.802
2074,-12412492.2969,5807886.718
2075,-12412492.5,5807754.3927
2076,-12412518.4922,5807592.7085
2077,-12412713.1719,5807670.1786
2078,-12412867.5781,5807648.3581
2079,-12412933.8125,5807604.3431
2080,-12413110.625,5807350.9844
2081,-12413173.3203,5807196.6984
2082,-12413213.9375,5807060.7753
2083,-12413258.2578,5806917.5009
2084,-12413416.6641,5806656.7598
2085,-12413468.4922,5806395.9097
2086,-12413545.9531,5806201.2378
2087,-12413630.7187,5806024.9445
2088,-12413627.1797,5805933.0832
2089,-12413583.2734,5805789.6842
2090,-12413598.0703,5805719.8771
2091,-12413785.6719,5805598.8906
2092,-12413844.5625,5805525.4701
2093,-12413870.5156,5805363.8018
2094,-12413841.4219,5805135.9398
2095,-12413848.8047,5805113.9012
2096,-12413896.6094,5805091.9249
2097,-12413896.8359,5804915.5538
2098,-12413952.3359,5804654.7352
2099,-12414003.8594,5804588.6662
2100,-12414062.7188,5804544.6513
2101,-12414092.1953,5804482.2268
2102,-12414118.0078,5804408.7752
2103,-12414257.8437,5804243.6182
2104,-12414276.2578,5804206.8924
2105,-12414280.1563,5804056.2513
2106,-12414302.2422,5804023.2012
2107,-12414368.4063,5803986.5689
2108,-12414449.625,5803703.7586
2109,-12414519.5781,5803582.601
2110,-12414538.1016,5803461.381
2111,-12414556.5156,5803424.6864
2112,-12414589.6172,5803406.3391
2113,-12414681.375,5803483.6065
2114,-12414732.8203,5803480.0087
2115,-12414784.2813,5803458.0168
2116,-12414883.5781,5803381.0142
2117,-12415008.4062,5803425.2627
2118,-12414978.9922,5803458.266
2119,-12414916.5,5803472.8909
2120,-12414809.8359,5803579.3302
2121,-12414751.0391,5803593.924
2122,-12414670.2422,5803560.7493
2123,-12414644.4844,5803593.7838
2124,-12414618.6953,5803648.888
2125,-12414500.9844,5803755.2806
2126,-12414489.9062,5803799.3578
2127,-12414515.5859,5803828.7789
2128,-12414533.9531,5803832.4701
2129,-12414603.8203,5803784.7952
2130,-12414710.5078,5803674.7113
2131,-12414920.0234,5803605.1691
2132,-12415052.3984,5803506.1123
2133,-12415254.6875,5803333.713
2134,-12415291.4453,5803319.057
2135,-12415364.8906,5803348.5404
2136,-12415420.4844,5803417.7088
2137,-12415471.2656,5803480.9276
2138,-12415485.8828,5803547.09
2139,-12415456.375,5803635.2288
2140,-12415415.9219,5803671.9078
2141,-12415202.6797,5803800.2455
2142,-12415132.7891,5803873.6348
2143,-12415084.8359,5804027.8737
2144,-12415003.8125,5804167.4099
2145,-12414974.3359,5804233.51
2146,-12414988.9609,5804292.3056
2147,-12415054.9766,5804391.6116
2148,-12415117.2109,5804575.3807
2149,-12415429.125,5804921.1764
2150,-12415498.8984,5804965.3626
2151,-12415542.9844,5804961.7492
2152,-12415576.0938,5804932.3748
2153,-12415583.4844,5804895.649
2154,-12415502.8828,5804704.4661
2155,-12415524.9531,5804675.0917
2156,-12415602.0938,5804693.5636
2157,-12415723.2109,5804803.9435
2158,-12415789.2266,5804917.9212
2159,-12415774.4141,5805020.7939
2160,-12415788.9375,5805171.4663
2161,-12415829.2109,5805296.4556
2162,-12415902.5859,5805403.1131
2163,-12416104.4766,5805598.0963
2164,-12416214.6406,5805664.3679
2165,-12416277.1094,5805675.4573
2166,-12416365.3672,5805620.4308
2167,-12416398.4297,5805620.462
2168,-12416427.8125,5805638.8716
2169,-12416457.1328,5805701.3741
2170,-12416445.8516,5805932.8807
2171,-12416478.8047,5806046.8429
2172,-12416574.2656,5806138.8288
2173,-12416614.6172,5806205.0226
2174,-12416632.8672,5806333.6564
2175,-12416687.8828,5806425.6112
2176,-12416698.7266,5806602.0292
2177,-12416724.4375,5806631.466
2178,-12416757.5234,5806624.1457
2179,-12416812.6328,5806624.1925
2180,-12416842.0078,5806646.2778
2181,-12416930.0469,5806811.7466
2182,-12416948.3516,5806877.9092
2183,-12416915.8047,5806917.6255
